BAZ [] {}
BAZ [] {}
BAZ [] {}
BAZ [] {}
BAZ [] {}
BAZ [] {}
BAZ [] {}
BAZ [] {}
BAZ [] {}
BAZ [] {}
BAZ [] {}
BAZ [] {}
BAZ [] {}
BAZ [] {}
BAZ [] {}
BAZ [] {}
BAZ [] {}
BAZ [] {}
BAZ [] {}
BAZ [] {}
BAZ [] {}
BAZ [] {}
BAZ [] {}
BAZ [69] {}
BAZ [69] {'item': 788}
BAZ [69] {'item': 777}
BAZ [42, 69] {'item': 777}
BAZ [42, 69] {'item': 777}
BAZ [3, 35, 42, 67, 69] {'item': 777}
BAZ [3, 35, 42, 67, 69] {'item': 760}
BAZ [3, 35, 42, 67, 69] {'item': 760}
BAZ [3, 35, 42, 67, 69, 80] {'item': 760}
BAZ [3, 35, 42, 46, 67, 69, 80] {'item': 582}
BAZ [3, 11, 35, 42, 46, 67, 69, 80] {'item': 582}
BAZ [1, 3, 11, 35, 42, 46, 66, 67, 69, 80, 91] {'item': 582}
BAZ [1, 3, 11, 35, 42, 46, 66, 67, 69, 80, 91] {'item': 576}
BAZ [0, 1, 3, 11, 35, 42, 46, 66, 67, 69, 80, 91] {'item': 576}
BAZ [0, 1, 3, 11, 35, 42, 46, 55, 66, 67, 69, 80, 91] {'item': 576}
BAZ [0, 1, 3, 11, 35, 42, 46, 55, 66, 66, 67, 69, 80, 91] {'item': 551}
BAZ [0, 1, 3, 11, 35, 42, 46, 55, 66, 66, 67, 69, 80, 91] {'item': 551}
BAZ [0, 1, 3, 11, 35, 42, 46, 55, 66, 66, 67, 69, 80, 91] {'item': 551}
BAZ [0, 1, 3, 11, 35, 42, 46, 55, 66, 66, 67, 69, 80, 91] {'item': 551}
BAZ [0, 1, 3, 11, 35, 42, 46, 55, 66, 66, 67, 69, 80, 91] {'item': 551}
BAZ [0, 1, 3, 11, 35, 42, 46, 55, 66, 66, 67, 69, 80, 91] {'item': 551}
BAZ [0, 1, 3, 11, 35, 42, 46, 55, 61, 66, 66, 67, 69, 80, 91, 98] {'item': 551}
BAZ [0, 1, 3, 11, 35, 42, 46, 55, 61, 66, 66, 67, 69, 80, 91, 98] {'item': 580}
BAZ [0, 1, 3, 4, 8, 11, 35, 41, 41, 42, 46, 55, 61, 66, 66, 67, 69, 80, 91, 98] {'item': 580}
BAZ [0, 1, 3, 4, 8, 11, 12, 25, 35, 39, 41, 41, 42, 42, 42, 46, 55, 61, 62, 66, 66, 67, 69, 73, 80, 91, 98] {'item': 580}
BAZ [0, 1, 3, 4, 8, 11, 12, 25, 32, 35, 39, 41, 41, 42, 42, 42, 46, 55, 61, 62, 66, 66, 67, 69, 73, 80, 91, 98] {'item': 580}
BAZ [0, 1, 3, 4, 8, 11, 12, 16, 25, 32, 35, 39, 41, 41, 42, 42, 42, 46, 55, 61, 62, 66, 66, 67, 69, 73, 80, 84, 91, 98] {'item': 518}
BAZ [0, 1, 3, 4, 8, 11, 12, 16, 20, 25, 32, 35, 39, 41, 41, 42, 42, 42, 44, 46, 55, 61, 62, 66, 66, 67, 69, 73, 75, 80, 84, 91, 98] {'item': 518}
BAZ [0, 1, 3, 4, 8, 11, 12, 16, 20, 25, 32, 35, 39, 41, 41, 42, 42, 42, 44, 46, 55, 61, 61, 62, 66, 66, 67, 69, 73, 75, 80, 84, 91, 98] {'item': 518}
BAZ [0, 1, 3, 4, 8, 11, 12, 16, 17, 20, 25, 32, 35, 35, 39, 41, 41, 42, 42, 42, 44, 46, 55, 56, 61, 61, 62, 66, 66, 67, 69, 73, 75, 80, 84, 91, 98] {'item': 463}
BAZ [0, 1, 3, 4, 8, 10, 11, 12, 16, 17, 20, 25, 32, 35, 35, 39, 41, 41, 42, 42, 42, 44, 44, 46, 55, 56, 61, 61, 62, 66, 66, 67, 69, 73, 75, 80, 82, 84, 91, 98] {'item': 463}
BAZ [0, 1, 3, 4, 8, 10, 11, 12, 16, 17, 20, 25, 32, 33, 35, 35, 39, 41, 41, 42, 42, 42, 44, 44, 46, 52, 55, 56, 61, 61, 62, 66, 66, 67, 69, 70, 73, 75, 80, 82, 84, 91, 94, 98] {'item': 459}
BAZ [0, 1, 3, 4, 8, 10, 11, 12, 16, 17, 19, 20, 25, 29, 32, 33, 35, 35, 39, 41, 41, 42, 42, 42, 44, 44, 46, 52, 55, 56, 61, 61, 62, 66, 66, 67, 69, 70, 73, 75, 80, 80, 82, 84, 85, 91, 92, 94, 97, 98] {'item': 459}
BAZ [0, 1, 3, 4, 8, 10, 11, 11, 12, 13, 16, 17, 18, 19, 19, 20, 25, 29, 32, 33, 35, 35, 39, 41, 41, 42, 42, 42, 44, 44, 46, 52, 55, 56, 57, 58, 61, 61, 62, 66, 66, 67, 69, 70, 73, 75, 80, 80, 82, 84, 85, 91, 92, 94, 97, 98] {'item': 383}
BAZ [0, 1, 3, 4, 8, 10, 11, 11, 12, 13, 15, 16, 17, 18, 19, 19, 20, 25, 29, 32, 33, 35, 35, 39, 41, 41, 42, 42, 42, 44, 44, 46, 52, 52, 55, 56, 57, 58, 61, 61, 62, 66, 66, 67, 69, 70, 73, 75, 80, 80, 82, 84, 85, 85, 90, 91, 92, 94, 97, 98] {'item': 383}
BAZ [0, 0, 1, 3, 4, 8, 10, 11, 11, 12, 13, 15, 15, 16, 16, 17, 18, 19, 19, 20, 20, 25, 29, 32, 33, 35, 35, 39, 41, 41, 41, 42, 42, 42, 44, 44, 46, 51, 52, 52, 55, 56, 57, 58, 61, 61, 62, 66, 66, 67, 69, 70, 73, 75, 79, 80, 80, 82, 84, 85, 85, 90, 91, 91, 92, 94, 97, 98] {'item': 383}
BAZ [0, 0, 0, 1, 3, 4, 8, 10, 11, 11, 12, 13, 15, 15, 16, 16, 17, 18, 19, 19, 20, 20, 25, 25, 29, 32, 33, 35, 35, 35, 39, 40, 41, 41, 41, 42, 42, 42, 44, 44, 46, 51, 52, 52, 55, 56, 57, 58, 58, 61, 61, 62, 66, 66, 67, 67, 69, 70, 73, 75, 76, 79, 80, 80, 82, 83, 84, 85, 85, 87, 87, 90, 91, 91, 92, 94, 97, 98] {'item': 383}
BAZ [0, 0, 0, 1, 3, 4, 6, 8, 10, 11, 11, 12, 13, 15, 15, 16, 16, 17, 18, 19, 19, 20, 20, 25, 25, 29, 32, 33, 34, 35, 35, 35, 39, 40, 40, 41, 41, 41, 42, 42, 42, 44, 44, 46, 48, 51, 52, 52, 55, 56, 57, 58, 58, 58, 61, 61, 62, 66, 66, 67, 67, 69, 70, 73, 75, 76, 79, 80, 80, 82, 83, 84, 84, 85, 85, 87, 87, 90, 91, 91, 92, 94, 94, 97, 98, 98] {'item': 383}
BAZ [0, 0, 0, 1, 3, 4, 6, 8, 10, 11, 11, 12, 13, 15, 15, 16, 16, 16, 17, 18, 19, 19, 20, 20, 20, 25, 25, 29, 32, 33, 34, 35, 35, 35, 39, 40, 40, 41, 41, 41, 42, 42, 42, 43, 44, 44, 45, 46, 48, 51, 52, 52, 55, 56, 57, 58, 58, 58, 61, 61, 62, 66, 66, 67, 67, 69, 70, 73, 75, 76, 79, 80, 80, 82, 83, 84, 84, 85, 85, 87, 87, 90, 91, 91, 92, 94, 94, 97, 98, 98] {'item': 362}
BAZ [0, 0, 0, 1, 3, 4, 6, 8, 10, 11, 11, 12, 13, 15, 15, 16, 16, 16, 17, 18, 19, 19, 20, 20, 20, 21, 23, 25, 25, 25, 29, 32, 33, 33, 34, 35, 35, 35, 39, 40, 40, 41, 41, 41, 42, 42, 42, 43, 44, 44, 45, 46, 48, 50, 51, 52, 52, 55, 56, 57, 58, 58, 58, 61, 61, 62, 66, 66, 67, 67, 69, 70, 73, 75, 76, 79, 80, 80, 82, 83, 84, 84, 85, 85, 87, 87, 87, 88, 90, 91, 91, 91, 92, 94, 94, 97, 98, 98] {'item': 362}
BAZ [0, 0, 0, 1, 3, 4, 6, 8, 10, 11, 11, 12, 13, 15, 15, 16, 16, 16, 17, 17, 18, 19, 19, 20, 20, 20, 21, 23, 25, 25, 25, 29, 32, 33, 33, 34, 35, 35, 35, 39, 40, 40, 41, 41, 41, 42, 42, 42, 43, 44, 44, 45, 46, 48, 50, 51, 52, 52, 55, 56, 57, 58, 58, 58, 61, 61, 62, 66, 66, 67, 67, 69, 70, 73, 75, 75, 76, 79, 80, 80, 82, 83, 84, 84, 85, 85, 87, 87, 87, 88, 88, 90, 91, 91, 91, 92, 94, 94, 97, 98, 98, 98] {'item': 362}
BAZ [0, 0, 0, 1, 3, 4, 6, 8, 10, 11, 11, 12, 13, 15, 15, 16, 16, 16, 17, 17, 18, 19, 19, 20, 20, 20, 21, 23, 25, 25, 25, 29, 32, 33, 33, 34, 35, 35, 35, 39, 40, 40, 41, 41, 41, 42, 42, 42, 43, 44, 44, 45, 46, 48, 50, 51, 52, 52, 55, 56, 57, 58, 58, 58, 59, 61, 61, 62, 66, 66, 67, 67, 69, 70, 72, 73, 75, 75, 76, 77, 77, 79, 80, 80, 82, 83, 84, 84, 85, 85, 87, 87, 87, 88, 88, 90, 91, 91, 91, 92, 94, 94, 97, 98, 98, 98] {'item': 315}
BAZ [0, 0, 0, 0, 1, 3, 4, 5, 6, 8, 10, 11, 11, 12, 13, 15, 15, 16, 16, 16, 17, 17, 18, 19, 19, 19, 20, 20, 20, 21, 23, 25, 25, 25, 26, 26, 29, 29, 32, 33, 33, 33, 34, 35, 35, 35, 39, 40, 40, 41, 41, 41, 42, 42, 42, 43, 44, 44, 44, 45, 46, 48, 50, 51, 51, 52, 52, 55, 56, 57, 58, 58, 58, 59, 61, 61, 62, 66, 66, 66, 67, 67, 69, 70, 72, 73, 75, 75, 76, 77, 77, 79, 80, 80, 82, 83, 84, 84, 85, 85, 87, 87, 87, 87, 88, 88, 88, 90, 91, 91, 91, 92, 94, 94, 97, 98, 98, 98] {'item': 315}
BAZ [0, 0, 0, 0, 1, 3, 4, 4, 5, 6, 8, 10, 10, 11, 11, 12, 13, 15, 15, 16, 16, 16, 17, 17, 18, 19, 19, 19, 20, 20, 20, 21, 23, 25, 25, 25, 26, 26, 26, 29, 29, 31, 32, 33, 33, 33, 34, 35, 35, 35, 39, 39, 40, 40, 41, 41, 41, 42, 42, 42, 43, 43, 44, 44, 44, 44, 45, 46, 46, 48, 50, 51, 51, 52, 52, 55, 56, 57, 58, 58, 58, 59, 61, 61, 62, 66, 66, 66, 67, 67, 69, 70, 70, 72, 73, 75, 75, 76, 77, 77, 77, 79, 80, 80, 82, 83, 84, 84, 85, 85, 87, 87, 87, 87, 88, 88, 88, 90, 91, 91, 91, 92, 94, 94, 97, 98, 98, 98] {'item': 315}
BAZ [0, 0, 0, 0, 1, 3, 4, 4, 5, 6, 8, 10, 10, 11, 11, 11, 12, 13, 15, 15, 15, 16, 16, 16, 17, 17, 18, 19, 19, 19, 20, 20, 20, 21, 23, 25, 25, 25, 26, 26, 26, 29, 29, 31, 31, 31, 32, 33, 33, 33, 34, 35, 35, 35, 39, 39, 40, 40, 41, 41, 41, 42, 42, 42, 42, 43, 43, 44, 44, 44, 44, 45, 46, 46, 48, 50, 51, 51, 52, 52, 55, 56, 57, 57, 58, 58, 58, 59, 60, 61, 61, 61, 62, 62, 66, 66, 66, 67, 67, 69, 70, 70, 72, 73, 75, 75, 76, 77, 77, 77, 79, 80, 80, 82, 83, 84, 84, 85, 85, 87, 87, 87, 87, 88, 88, 88, 90, 91, 91, 91, 92, 94, 94, 97, 98, 98, 98] {'item': 315}
BAZ [0, 0, 0, 0, 1, 3, 4, 4, 5, 6, 8, 10, 10, 11, 11, 11, 12, 13, 15, 15, 15, 16, 16, 16, 17, 17, 18, 19, 19, 19, 20, 20, 20, 21, 23, 25, 25, 25, 26, 26, 26, 27, 27, 29, 29, 31, 31, 31, 32, 33, 33, 33, 34, 35, 35, 35, 39, 39, 40, 40, 41, 41, 41, 42, 42, 42, 42, 43, 43, 44, 44, 44, 44, 45, 45, 46, 46, 48, 50, 51, 51, 52, 52, 55, 56, 57, 57, 58, 58, 58, 59, 60, 61, 61, 61, 61, 62, 62, 62, 66, 66, 66, 67, 67, 67, 69, 70, 70, 72, 73, 75, 75, 76, 77, 77, 77, 77, 77, 79, 80, 80, 82, 82, 83, 84, 84, 85, 85, 87, 87, 87, 87, 88, 88, 88, 90, 91, 91, 91, 92, 94, 94, 97, 98, 98, 98] {'item': 315}
BAZ [0, 0, 0, 0, 1, 3, 3, 4, 4, 5, 6, 8, 10, 10, 10, 11, 11, 11, 12, 12, 13, 15, 15, 15, 15, 16, 16, 16, 16, 17, 17, 18, 19, 19, 19, 20, 20, 20, 21, 23, 25, 25, 25, 26, 26, 26, 27, 27, 29, 29, 31, 31, 31, 32, 33, 33, 33, 34, 35, 35, 35, 39, 39, 40, 40, 41, 41, 41, 42, 42, 42, 42, 43, 43, 44, 44, 44, 44, 45, 45, 45, 46, 46, 48, 50, 51, 51, 52, 52, 55, 56, 57, 57, 58, 58, 58, 59, 60, 61, 61, 61, 61, 62, 62, 62, 66, 66, 66, 67, 67, 67, 69, 70, 70, 72, 73, 73, 74, 75, 75, 76, 77, 77, 77, 77, 77, 79, 80, 80, 81, 82, 82, 83, 83, 84, 84, 85, 85, 87, 87, 87, 87, 88, 88, 88, 90, 91, 91, 91, 92, 93, 94, 94, 97, 98, 98, 98] {'item': 236}
BAZ [0, 0, 0, 0, 0, 0, 1, 3, 3, 3, 4, 4, 5, 6, 8, 10, 10, 10, 10, 11, 11, 11, 12, 12, 13, 14, 15, 15, 15, 15, 15, 16, 16, 16, 16, 17, 17, 18, 19, 19, 19, 20, 20, 20, 21, 21, 23, 25, 25, 25, 26, 26, 26, 27, 27, 29, 29, 31, 31, 31, 32, 33, 33, 33, 34, 35, 35, 35, 39, 39, 39, 40, 40, 41, 41, 41, 42, 42, 42, 42, 42, 43, 43, 44, 44, 44, 44, 45, 45, 45, 46, 46, 48, 50, 51, 51, 51, 52, 52, 55, 56, 57, 57, 58, 58, 58, 59, 59, 59, 60, 61, 61, 61, 61, 62, 62, 62, 66, 66, 66, 67, 67, 67, 69, 70, 70, 72, 73, 73, 74, 75, 75, 76, 77, 77, 77, 77, 77, 78, 79, 80, 80, 81, 82, 82, 83, 83, 84, 84, 85, 85, 85, 87, 87, 87, 87, 88, 88, 88, 90, 91, 91, 91, 92, 93, 94, 94, 97, 98, 98, 98] {'item': 236}
BAZ [0, 0, 0, 0, 0, 0, 1, 3, 3, 3, 4, 4, 5, 6, 8, 10, 10, 10, 10, 11, 11, 11, 12, 12, 13, 14, 15, 15, 15, 15, 15, 16, 16, 16, 16, 17, 17, 18, 19, 19, 19, 20, 20, 20, 21, 21, 23, 25, 25, 25, 26, 26, 26, 26, 27, 27, 27, 29, 29, 31, 31, 31, 32, 33, 33, 33, 33, 34, 35, 35, 35, 36, 36, 39, 39, 39, 40, 40, 41, 41, 41, 42, 42, 42, 42, 42, 43, 43, 43, 43, 44, 44, 44, 44, 45, 45, 45, 46, 46, 48, 50, 51, 51, 51, 52, 52, 55, 56, 56, 57, 57, 58, 58, 58, 59, 59, 59, 60, 61, 61, 61, 61, 61, 61, 62, 62, 62, 62, 64, 66, 66, 66, 67, 67, 67, 69, 70, 70, 72, 73, 73, 74, 75, 75, 75, 76, 76, 77, 77, 77, 77, 77, 78, 79, 80, 80, 81, 82, 82, 83, 83, 84, 84, 85, 85, 85, 87, 87, 87, 87, 88, 88, 88, 89, 90, 91, 91, 91, 92, 93, 93, 93, 94, 94, 97, 98, 98, 98] {'item': 236}
BAZ [0, 0, 0, 0, 0, 0, 1, 3, 3, 3, 4, 4, 5, 6, 7, 8, 10, 10, 10, 10, 11, 11, 11, 12, 12, 13, 14, 15, 15, 15, 15, 15, 16, 16, 16, 16, 17, 17, 17, 18, 19, 19, 19, 20, 20, 20, 21, 21, 23, 25, 25, 25, 26, 26, 26, 26, 26, 27, 27, 27, 28, 29, 29, 30, 31, 31, 31, 31, 32, 33, 33, 33, 33, 34, 35, 35, 35, 36, 36, 38, 38, 39, 39, 39, 40, 40, 40, 41, 41, 41, 42, 42, 42, 42, 42, 43, 43, 43, 43, 44, 44, 44, 44, 45, 45, 45, 46, 46, 46, 48, 50, 51, 51, 51, 52, 52, 54, 55, 56, 56, 57, 57, 58, 58, 58, 59, 59, 59, 60, 61, 61, 61, 61, 61, 61, 62, 62, 62, 62, 63, 64, 66, 66, 66, 67, 67, 67, 69, 70, 70, 72, 73, 73, 74, 75, 75, 75, 76, 76, 77, 77, 77, 77, 77, 78, 79, 80, 80, 80, 81, 82, 82, 83, 83, 84, 84, 85, 85, 85, 87, 87, 87, 87, 88, 88, 88, 89, 90, 91, 91, 91, 92, 93, 93, 93, 94, 94, 97, 98, 98, 98, 98] {'item': 236}
BAZ [0, 0, 0, 0, 0, 0, 1, 3, 3, 3, 4, 4, 5, 6, 7, 7, 7, 8, 10, 10, 10, 10, 11, 11, 11, 12, 12, 13, 13, 14, 15, 15, 15, 15, 15, 16, 16, 16, 16, 17, 17, 17, 18, 19, 19, 19, 20, 20, 20, 21, 21, 23, 25, 25, 25, 26, 26, 26, 26, 26, 27, 27, 27, 27, 28, 29, 29, 30, 31, 31, 31, 31, 32, 32, 32, 33, 33, 33, 33, 34, 35, 35, 35, 36, 36, 38, 38, 39, 39, 39, 40, 40, 40, 40, 41, 41, 41, 42, 42, 42, 42, 42, 43, 43, 43, 43, 44, 44, 44, 44, 44, 45, 45, 45, 46, 46, 46, 48, 48, 49, 50, 51, 51, 51, 52, 52, 54, 55, 56, 56, 57, 57, 58, 58, 58, 59, 59, 59, 60, 61, 61, 61, 61, 61, 61, 62, 62, 62, 62, 62, 63, 64, 66, 66, 66, 67, 67, 67, 69, 70, 70, 72, 72, 73, 73, 74, 75, 75, 75, 76, 76, 77, 77, 77, 77, 77, 78, 79, 80, 80, 80, 81, 82, 82, 83, 83, 84, 84, 85, 85, 85, 87, 87, 87, 87, 88, 88, 88, 89, 90, 91, 91, 91, 92, 93, 93, 93, 94, 94, 97, 97, 98, 98, 98, 98] {'item': 172}
BAZ [0, 0, 0, 0, 0, 0, 1, 3, 3, 3, 4, 4, 5, 5, 6, 7, 7, 7, 8, 8, 10, 10, 10, 10, 11, 11, 11, 12, 12, 13, 13, 14, 15, 15, 15, 15, 15, 16, 16, 16, 16, 16, 17, 17, 17, 18, 19, 19, 19, 19, 20, 20, 20, 21, 21, 22, 23, 23, 25, 25, 25, 26, 26, 26, 26, 26, 27, 27, 27, 27, 28, 29, 29, 30, 31, 31, 31, 31, 32, 32, 32, 33, 33, 33, 33, 34, 35, 35, 35, 36, 36, 38, 38, 39, 39, 39, 40, 40, 40, 40, 41, 41, 41, 42, 42, 42, 42, 42, 43, 43, 43, 43, 44, 44, 44, 44, 44, 45, 45, 45, 46, 46, 46, 48, 48, 49, 50, 51, 51, 51, 52, 52, 54, 54, 55, 56, 56, 57, 57, 58, 58, 58, 58, 59, 59, 59, 60, 61, 61, 61, 61, 61, 61, 62, 62, 62, 62, 62, 63, 64, 66, 66, 66, 67, 67, 67, 69, 70, 70, 72, 72, 73, 73, 74, 75, 75, 75, 76, 76, 77, 77, 77, 77, 77, 78, 79, 80, 80, 80, 81, 82, 82, 83, 83, 84, 84, 85, 85, 85, 87, 87, 87, 87, 88, 88, 88, 88, 89, 90, 91, 91, 91, 91, 92, 93, 93, 93, 94, 94, 95, 96, 97, 97, 97, 98, 98, 98, 98] {'item': 172}
BAZ [0, 0, 0, 0, 0, 0, 1, 3, 3, 3, 4, 4, 5, 5, 6, 7, 7, 7, 8, 8, 10, 10, 10, 10, 11, 11, 11, 12, 12, 13, 13, 14, 14, 15, 15, 15, 15, 15, 16, 16, 16, 16, 16, 17, 17, 17, 17, 18, 19, 19, 19, 19, 20, 20, 20, 21, 21, 22, 22, 22, 23, 23, 25, 25, 25, 26, 26, 26, 26, 26, 27, 27, 27, 27, 27, 28, 29, 29, 30, 31, 31, 31, 31, 32, 32, 32, 33, 33, 33, 33, 33, 34, 35, 35, 35, 35, 36, 36, 38, 38, 39, 39, 39, 40, 40, 40, 40, 41, 41, 41, 41, 42, 42, 42, 42, 42, 43, 43, 43, 43, 44, 44, 44, 44, 44, 45, 45, 45, 45, 45, 46, 46, 46, 48, 48, 49, 50, 51, 51, 51, 52, 52, 54, 54, 55, 56, 56, 56, 57, 57, 58, 58, 58, 58, 59, 59, 59, 59, 60, 61, 61, 61, 61, 61, 61, 62, 62, 62, 62, 62, 63, 63, 64, 64, 64, 65, 66, 66, 66, 66, 67, 67, 67, 68, 69, 70, 70, 72, 72, 72, 73, 73, 74, 75, 75, 75, 76, 76, 77, 77, 77, 77, 77, 78, 79, 80, 80, 80, 80, 81, 82, 82, 83, 83, 84, 84, 84, 85, 85, 85, 87, 87, 87, 87, 88, 88, 88, 88, 89, 90, 91, 91, 91, 91, 92, 93, 93, 93, 94, 94, 95, 96, 97, 97, 97, 98, 98, 98, 98] {'item': 172}
BAZ [0, 0, 0, 0, 0, 0, 1, 3, 3, 3, 4, 4, 4, 5, 5, 6, 7, 7, 7, 7, 8, 8, 10, 10, 10, 10, 11, 11, 11, 12, 12, 13, 13, 14, 14, 15, 15, 15, 15, 15, 16, 16, 16, 16, 16, 16, 17, 17, 17, 17, 18, 19, 19, 19, 19, 20, 20, 20, 21, 21, 22, 22, 22, 22, 23, 23, 25, 25, 25, 26, 26, 26, 26, 26, 27, 27, 27, 27, 27, 28, 29, 29, 30, 31, 31, 31, 31, 32, 32, 32, 33, 33, 33, 33, 33, 34, 35, 35, 35, 35, 36, 36, 38, 38, 39, 39, 39, 40, 40, 40, 40, 41, 41, 41, 41, 42, 42, 42, 42, 42, 43, 43, 43, 43, 44, 44, 44, 44, 44, 45, 45, 45, 45, 45, 46, 46, 46, 47, 48, 48, 48, 49, 50, 51, 51, 51, 52, 52, 52, 54, 54, 54, 55, 56, 56, 56, 56, 57, 57, 58, 58, 58, 58, 58, 59, 59, 59, 59, 60, 61, 61, 61, 61, 61, 61, 62, 62, 62, 62, 62, 63, 63, 64, 64, 64, 64, 65, 66, 66, 66, 66, 67, 67, 67, 68, 69, 70, 70, 72, 72, 72, 73, 73, 74, 74, 75, 75, 75, 76, 76, 77, 77, 77, 77, 77, 78, 79, 80, 80, 80, 80, 80, 81, 82, 82, 83, 83, 84, 84, 84, 85, 85, 85, 87, 87, 87, 87, 87, 88, 88, 88, 88, 89, 89, 90, 91, 91, 91, 91, 91, 91, 92, 93, 93, 93, 94, 94, 95, 96, 97, 97, 97, 98, 98, 98, 98] {'item': 172}
BAZ [0, 0, 0, 0, 0, 0, 1, 1, 3, 3, 3, 4, 4, 4, 5, 5, 6, 7, 7, 7, 7, 8, 8, 10, 10, 10, 10, 11, 11, 11, 12, 12, 12, 13, 13, 14, 14, 15, 15, 15, 15, 15, 16, 16, 16, 16, 16, 16, 17, 17, 17, 17, 18, 19, 19, 19, 19, 20, 20, 20, 21, 21, 22, 22, 22, 22, 23, 23, 25, 25, 25, 25, 26, 26, 26, 26, 26, 27, 27, 27, 27, 27, 28, 29, 29, 30, 31, 31, 31, 31, 32, 32, 32, 33, 33, 33, 33, 33, 34, 35, 35, 35, 35, 36, 36, 37, 38, 38, 38, 39, 39, 39, 40, 40, 40, 40, 41, 41, 41, 41, 42, 42, 42, 42, 42, 42, 43, 43, 43, 43, 43, 44, 44, 44, 44, 44, 45, 45, 45, 45, 45, 46, 46, 46, 47, 48, 48, 48, 49, 50, 51, 51, 51, 52, 52, 52, 52, 54, 54, 54, 54, 55, 56, 56, 56, 56, 57, 57, 58, 58, 58, 58, 58, 59, 59, 59, 59, 60, 61, 61, 61, 61, 61, 61, 62, 62, 62, 62, 62, 63, 63, 64, 64, 64, 64, 65, 66, 66, 66, 66, 67, 67, 67, 68, 69, 70, 70, 72, 72, 72, 73, 73, 73, 74, 74, 75, 75, 75, 76, 76, 76, 77, 77, 77, 77, 77, 78, 79, 80, 80, 80, 80, 80, 81, 82, 82, 82, 83, 83, 84, 84, 84, 85, 85, 85, 87, 87, 87, 87, 87, 87, 88, 88, 88, 88, 89, 89, 90, 91, 91, 91, 91, 91, 91, 92, 93, 93, 93, 94, 94, 95, 96, 96, 96, 97, 97, 97, 98, 98, 98, 98] {'item': 172}
BAZ [0, 0, 0, 0, 0, 0, 1, 1, 3, 3, 3, 4, 4, 4, 5, 5, 5, 6, 7, 7, 7, 7, 8, 8, 10, 10, 10, 10, 11, 11, 11, 11, 11, 12, 12, 12, 13, 13, 14, 14, 15, 15, 15, 15, 15, 16, 16, 16, 16, 16, 16, 17, 17, 17, 17, 18, 18, 18, 19, 19, 19, 19, 19, 20, 20, 20, 21, 21, 22, 22, 22, 22, 23, 23, 25, 25, 25, 25, 26, 26, 26, 26, 26, 27, 27, 27, 27, 27, 28, 29, 29, 30, 31, 31, 31, 31, 32, 32, 32, 33, 33, 33, 33, 33, 34, 34, 35, 35, 35, 35, 36, 36, 36, 36, 37, 38, 38, 38, 38, 39, 39, 39, 40, 40, 40, 40, 40, 40, 41, 41, 41, 41, 42, 42, 42, 42, 42, 42, 43, 43, 43, 43, 43, 44, 44, 44, 44, 44, 44, 45, 45, 45, 45, 45, 46, 46, 46, 47, 48, 48, 48, 49, 50, 51, 51, 51, 52, 52, 52, 52, 54, 54, 54, 54, 55, 56, 56, 56, 56, 57, 57, 58, 58, 58, 58, 58, 58, 59, 59, 59, 59, 60, 61, 61, 61, 61, 61, 61, 62, 62, 62, 62, 62, 63, 63, 64, 64, 64, 64, 65, 66, 66, 66, 66, 67, 67, 67, 68, 69, 70, 70, 70, 71, 72, 72, 72, 73, 73, 73, 74, 74, 75, 75, 75, 76, 76, 76, 77, 77, 77, 77, 77, 78, 79, 79, 80, 80, 80, 80, 80, 81, 82, 82, 82, 83, 83, 84, 84, 84, 85, 85, 85, 86, 87, 87, 87, 87, 87, 87, 88, 88, 88, 88, 89, 89, 89, 89, 90, 91, 91, 91, 91, 91, 91, 92, 92, 93, 93, 93, 94, 94, 95, 96, 96, 96, 97, 97, 97, 98, 98, 98, 98] {'item': 172}
BAZ [0, 0, 0, 0, 0, 0, 1, 1, 2, 3, 3, 3, 4, 4, 4, 5, 5, 5, 6, 6, 7, 7, 7, 7, 8, 8, 10, 10, 10, 10, 11, 11, 11, 11, 11, 11, 12, 12, 12, 12, 12, 13, 13, 14, 14, 15, 15, 15, 15, 15, 16, 16, 16, 16, 16, 16, 17, 17, 17, 17, 18, 18, 18, 19, 19, 19, 19, 19, 20, 20, 20, 21, 21, 22, 22, 22, 22, 23, 23, 25, 25, 25, 25, 26, 26, 26, 26, 26, 27, 27, 27, 27, 27, 28, 29, 29, 29, 29, 30, 31, 31, 31, 31, 31, 32, 32, 32, 33, 33, 33, 33, 33, 34, 34, 35, 35, 35, 35, 36, 36, 36, 36, 37, 38, 38, 38, 38, 38, 39, 39, 39, 40, 40, 40, 40, 40, 40, 41, 41, 41, 41, 42, 42, 42, 42, 42, 42, 43, 43, 43, 43, 43, 44, 44, 44, 44, 44, 44, 45, 45, 45, 45, 45, 46, 46, 46, 47, 47, 48, 48, 48, 49, 50, 51, 51, 51, 52, 52, 52, 52, 52, 54, 54, 54, 54, 54, 55, 56, 56, 56, 56, 57, 57, 58, 58, 58, 58, 58, 58, 59, 59, 59, 59, 60, 61, 61, 61, 61, 61, 61, 62, 62, 62, 62, 62, 63, 63, 64, 64, 64, 64, 65, 66, 66, 66, 66, 67, 67, 67, 68, 69, 70, 70, 70, 71, 72, 72, 72, 73, 73, 73, 73, 73, 74, 74, 75, 75, 75, 75, 76, 76, 76, 77, 77, 77, 77, 77, 78, 78, 79, 79, 80, 80, 80, 80, 80, 81, 82, 82, 82, 83, 83, 84, 84, 84, 85, 85, 85, 86, 86, 87, 87, 87, 87, 87, 87, 88, 88, 88, 88, 89, 89, 89, 89, 90, 91, 91, 91, 91, 91, 91, 92, 92, 92, 93, 93, 93, 94, 94, 95, 96, 96, 96, 96, 97, 97, 97, 98, 98, 98, 98] {'item': 172}
BAZ [0, 0, 0, 0, 0, 0, 1, 1, 2, 3, 3, 3, 3, 4, 4, 4, 5, 5, 5, 6, 6, 6, 7, 7, 7, 7, 8, 8, 10, 10, 10, 10, 11, 11, 11, 11, 11, 11, 11, 11, 12, 12, 12, 12, 12, 13, 13, 14, 14, 15, 15, 15, 15, 15, 16, 16, 16, 16, 16, 16, 17, 17, 17, 17, 18, 18, 18, 19, 19, 19, 19, 19, 20, 20, 20, 21, 21, 22, 22, 22, 22, 23, 23, 25, 25, 25, 25, 26, 26, 26, 26, 26, 26, 26, 27, 27, 27, 27, 27, 28, 29, 29, 29, 29, 30, 30, 30, 31, 31, 31, 31, 31, 31, 31, 32, 32, 32, 33, 33, 33, 33, 33, 33, 34, 34, 35, 35, 35, 35, 36, 36, 36, 36, 37, 37, 37, 38, 38, 38, 38, 38, 39, 39, 39, 40, 40, 40, 40, 40, 40, 40, 40, 41, 41, 41, 41, 42, 42, 42, 42, 42, 42, 43, 43, 43, 43, 43, 43, 44, 44, 44, 44, 44, 44, 44, 45, 45, 45, 45, 45, 46, 46, 46, 47, 47, 48, 48, 48, 49, 50, 51, 51, 51, 52, 52, 52, 52, 52, 53, 54, 54, 54, 54, 54, 55, 56, 56, 56, 56, 57, 57, 58, 58, 58, 58, 58, 58, 59, 59, 59, 59, 60, 61, 61, 61, 61, 61, 61, 62, 62, 62, 62, 62, 63, 63, 64, 64, 64, 64, 65, 66, 66, 66, 66, 67, 67, 67, 68, 69, 70, 70, 70, 71, 72, 72, 72, 73, 73, 73, 73, 73, 74, 74, 75, 75, 75, 75, 76, 76, 76, 77, 77, 77, 77, 77, 78, 78, 79, 79, 80, 80, 80, 80, 80, 81, 82, 82, 82, 83, 83, 84, 84, 84, 85, 85, 85, 86, 86, 87, 87, 87, 87, 87, 87, 88, 88, 88, 88, 89, 89, 89, 89, 90, 91, 91, 91, 91, 91, 91, 92, 92, 92, 93, 93, 93, 94, 94, 95, 96, 96, 96, 96, 97, 97, 97, 98, 98, 98, 98, 99, 99] {'item': 172}
BAZ [0, 0, 0, 0, 0, 0, 1, 1, 2, 3, 3, 3, 3, 4, 4, 4, 5, 5, 5, 6, 6, 6, 6, 6, 7, 7, 7, 7, 8, 8, 10, 10, 10, 10, 11, 11, 11, 11, 11, 11, 11, 11, 12, 12, 12, 12, 12, 12, 12, 13, 13, 14, 14, 15, 15, 15, 15, 15, 16, 16, 16, 16, 16, 16, 17, 17, 17, 17, 18, 18, 18, 19, 19, 19, 19, 19, 20, 20, 20, 20, 21, 21, 22, 22, 22, 22, 23, 23, 25, 25, 25, 25, 26, 26, 26, 26, 26, 26, 26, 27, 27, 27, 27, 27, 28, 29, 29, 29, 29, 30, 30, 30, 31, 31, 31, 31, 31, 31, 31, 32, 32, 32, 33, 33, 33, 33, 33, 33, 34, 34, 34, 35, 35, 35, 35, 36, 36, 36, 36, 37, 37, 37, 37, 38, 38, 38, 38, 38, 39, 39, 39, 40, 40, 40, 40, 40, 40, 40, 40, 41, 41, 41, 41, 42, 42, 42, 42, 42, 42, 43, 43, 43, 43, 43, 43, 44, 44, 44, 44, 44, 44, 44, 45, 45, 45, 45, 45, 45, 46, 46, 46, 47, 47, 48, 48, 48, 49, 49, 50, 50, 51, 51, 51, 52, 52, 52, 52, 52, 53, 54, 54, 54, 54, 54, 55, 55, 56, 56, 56, 56, 57, 57, 58, 58, 58, 58, 58, 58, 59, 59, 59, 59, 60, 61, 61, 61, 61, 61, 61, 62, 62, 62, 62, 62, 63, 63, 64, 64, 64, 64, 65, 66, 66, 66, 66, 67, 67, 67, 68, 69, 70, 70, 70, 70, 71, 72, 72, 72, 73, 73, 73, 73, 73, 74, 74, 75, 75, 75, 75, 76, 76, 76, 77, 77, 77, 77, 77, 77, 78, 78, 79, 79, 80, 80, 80, 80, 80, 81, 82, 82, 82, 83, 83, 84, 84, 84, 85, 85, 85, 86, 86, 86, 87, 87, 87, 87, 87, 87, 87, 87, 88, 88, 88, 88, 88, 88, 89, 89, 89, 89, 89, 90, 91, 91, 91, 91, 91, 91, 92, 92, 92, 92, 93, 93, 93, 94, 94, 95, 95, 96, 96, 96, 96, 97, 97, 97, 98, 98, 98, 98, 98, 98, 99, 99, 99] {'item': 367}
BAZ [0, 0, 0, 0, 0, 0, 1, 1, 2, 3, 3, 3, 3, 4, 4, 4, 5, 5, 5, 5, 5, 6, 6, 6, 6, 6, 7, 7, 7, 7, 8, 8, 10, 10, 10, 10, 11, 11, 11, 11, 11, 11, 11, 11, 12, 12, 12, 12, 12, 12, 12, 13, 13, 14, 14, 15, 15, 15, 15, 15, 16, 16, 16, 16, 16, 16, 16, 16, 17, 17, 17, 17, 18, 18, 18, 18, 19, 19, 19, 19, 19, 20, 20, 20, 20, 21, 21, 22, 22, 22, 22, 23, 23, 23, 24, 25, 25, 25, 25, 26, 26, 26, 26, 26, 26, 26, 27, 27, 27, 27, 27, 28, 29, 29, 29, 29, 29, 30, 30, 30, 31, 31, 31, 31, 31, 31, 31, 31, 32, 32, 32, 33, 33, 33, 33, 33, 33, 34, 34, 34, 35, 35, 35, 35, 36, 36, 36, 36, 37, 37, 37, 37, 38, 38, 38, 38, 38, 39, 39, 39, 40, 40, 40, 40, 40, 40, 40, 40, 41, 41, 41, 41, 42, 42, 42, 42, 42, 42, 43, 43, 43, 43, 43, 43, 44, 44, 44, 44, 44, 44, 44, 44, 45, 45, 45, 45, 45, 45, 46, 46, 46, 47, 47, 48, 48, 48, 49, 49, 49, 50, 50, 51, 51, 51, 51, 52, 52, 52, 52, 52, 53, 54, 54, 54, 54, 54, 55, 55, 56, 56, 56, 56, 57, 57, 58, 58, 58, 58, 58, 58, 59, 59, 59, 59, 60, 61, 61, 61, 61, 61, 61, 62, 62, 62, 62, 62, 63, 63, 64, 64, 64, 64, 65, 66, 66, 66, 66, 67, 67, 67, 67, 68, 69, 70, 70, 70, 70, 71, 71, 72, 72, 72, 72, 73, 73, 73, 73, 73, 74, 74, 74, 75, 75, 75, 75, 76, 76, 76, 77, 77, 77, 77, 77, 77, 78, 78, 79, 79, 80, 80, 80, 80, 80, 81, 82, 82, 82, 83, 83, 84, 84, 84, 85, 85, 85, 86, 86, 86, 87, 87, 87, 87, 87, 87, 87, 87, 88, 88, 88, 88, 88, 88, 89, 89, 89, 89, 89, 90, 91, 91, 91, 91, 91, 91, 92, 92, 92, 92, 93, 93, 93, 94, 94, 95, 95, 96, 96, 96, 96, 96, 97, 97, 97, 98, 98, 98, 98, 98, 98, 99, 99, 99] {'item': 304}
BAZ [0, 0, 0, 0, 0, 0, 1, 1, 1, 2, 2, 3, 3, 3, 3, 4, 4, 4, 4, 4, 5, 5, 5, 5, 5, 6, 6, 6, 6, 6, 7, 7, 7, 7, 8, 8, 10, 10, 10, 10, 10, 11, 11, 11, 11, 11, 11, 11, 11, 12, 12, 12, 12, 12, 12, 12, 13, 13, 14, 14, 14, 15, 15, 15, 15, 15, 16, 16, 16, 16, 16, 16, 16, 16, 17, 17, 17, 17, 18, 18, 18, 18, 19, 19, 19, 19, 19, 20, 20, 20, 20, 21, 21, 22, 22, 22, 22, 23, 23, 23, 23, 23, 24, 24, 25, 25, 25, 25, 26, 26, 26, 26, 26, 26, 26, 27, 27, 27, 27, 27, 28, 29, 29, 29, 29, 29, 30, 30, 30, 30, 31, 31, 31, 31, 31, 31, 31, 31, 32, 32, 32, 32, 33, 33, 33, 33, 33, 33, 34, 34, 34, 34, 34, 35, 35, 35, 35, 36, 36, 36, 36, 36, 36, 37, 37, 37, 37, 38, 38, 38, 38, 38, 39, 39, 39, 40, 40, 40, 40, 40, 40, 40, 40, 41, 41, 41, 41, 42, 42, 42, 42, 42, 42, 43, 43, 43, 43, 43, 43, 44, 44, 44, 44, 44, 44, 44, 44, 45, 45, 45, 45, 45, 45, 46, 46, 46, 47, 47, 48, 48, 48, 49, 49, 49, 49, 50, 50, 51, 51, 51, 51, 51, 52, 52, 52, 52, 52, 53, 54, 54, 54, 54, 54, 55, 55, 56, 56, 56, 56, 57, 57, 57, 58, 58, 58, 58, 58, 58, 58, 58, 59, 59, 59, 59, 60, 61, 61, 61, 61, 61, 61, 62, 62, 62, 62, 62, 63, 63, 63, 64, 64, 64, 64, 65, 66, 66, 66, 66, 67, 67, 67, 67, 68, 68, 69, 70, 70, 70, 70, 71, 71, 72, 72, 72, 72, 72, 72, 73, 73, 73, 73, 73, 74, 74, 74, 75, 75, 75, 75, 75, 75, 76, 76, 76, 77, 77, 77, 77, 77, 77, 78, 78, 78, 78, 79, 79, 79, 80, 80, 80, 80, 80, 81, 82, 82, 82, 83, 83, 84, 84, 84, 85, 85, 85, 86, 86, 86, 87, 87, 87, 87, 87, 87, 87, 87, 87, 87, 88, 88, 88, 88, 88, 88, 89, 89, 89, 89, 89, 90, 90, 91, 91, 91, 91, 91, 91, 92, 92, 92, 92, 93, 93, 93, 94, 94, 95, 95, 96, 96, 96, 96, 96, 97, 97, 97, 98, 98, 98, 98, 98, 98, 99, 99, 99] {'item': 304}
BAZ [0, 0, 0, 0, 0, 0, 1, 1, 1, 2, 2, 3, 3, 3, 3, 3, 4, 4, 4, 4, 4, 4, 4, 5, 5, 5, 5, 5, 5, 6, 6, 6, 6, 6, 7, 7, 7, 7, 8, 8, 10, 10, 10, 10, 10, 11, 11, 11, 11, 11, 11, 11, 11, 12, 12, 12, 12, 12, 12, 12, 13, 13, 14, 14, 14, 15, 15, 15, 15, 15, 16, 16, 16, 16, 16, 16, 16, 16, 17, 17, 17, 17, 18, 18, 18, 18, 19, 19, 19, 19, 19, 20, 20, 20, 20, 20, 21, 21, 21, 22, 22, 22, 22, 23, 23, 23, 23, 23, 24, 24, 25, 25, 25, 25, 25, 26, 26, 26, 26, 26, 26, 26, 27, 27, 27, 27, 27, 28, 28, 28, 29, 29, 29, 29, 29, 29, 30, 30, 30, 30, 30, 31, 31, 31, 31, 31, 31, 31, 31, 32, 32, 32, 32, 33, 33, 33, 33, 33, 33, 34, 34, 34, 34, 34, 35, 35, 35, 35, 36, 36, 36, 36, 36, 36, 37, 37, 37, 37, 38, 38, 38, 38, 38, 39, 39, 39, 40, 40, 40, 40, 40, 40, 40, 40, 41, 41, 41, 41, 42, 42, 42, 42, 42, 42, 43, 43, 43, 43, 43, 43, 44, 44, 44, 44, 44, 44, 44, 44, 45, 45, 45, 45, 45, 45, 46, 46, 46, 46, 46, 47, 47, 47, 48, 48, 48, 49, 49, 49, 49, 49, 50, 50, 51, 51, 51, 51, 51, 52, 52, 52, 52, 52, 53, 53, 54, 54, 54, 54, 54, 55, 55, 56, 56, 56, 56, 57, 57, 57, 58, 58, 58, 58, 58, 58, 58, 58, 58, 58, 59, 59, 59, 59, 60, 61, 61, 61, 61, 61, 61, 62, 62, 62, 62, 62, 63, 63, 63, 64, 64, 64, 64, 65, 66, 66, 66, 66, 67, 67, 67, 67, 67, 67, 68, 68, 69, 69, 70, 70, 70, 70, 71, 71, 71, 72, 72, 72, 72, 72, 72, 72, 72, 73, 73, 73, 73, 73, 74, 74, 74, 75, 75, 75, 75, 75, 75, 76, 76, 76, 77, 77, 77, 77, 77, 77, 77, 77, 78, 78, 78, 78, 79, 79, 79, 80, 80, 80, 80, 80, 80, 81, 82, 82, 82, 82, 82, 83, 83, 83, 84, 84, 84, 85, 85, 85, 86, 86, 86, 86, 87, 87, 87, 87, 87, 87, 87, 87, 87, 87, 88, 88, 88, 88, 88, 88, 89, 89, 89, 89, 89, 90, 90, 91, 91, 91, 91, 91, 91, 92, 92, 92, 92, 93, 93, 93, 93, 94, 94, 95, 95, 96, 96, 96, 96, 96, 97, 97, 97, 97, 97, 98, 98, 98, 98, 98, 98, 99, 99, 99] {'item': 302}
BAZ [0, 0, 0, 0, 0, 0, 1, 1, 1, 2, 2, 3, 3, 3, 3, 3, 4, 4, 4, 4, 4, 4, 4, 5, 5, 5, 5, 5, 5, 6, 6, 6, 6, 6, 7, 7, 7, 7, 7, 8, 8, 10, 10, 10, 10, 10, 11, 11, 11, 11, 11, 11, 11, 11, 12, 12, 12, 12, 12, 12, 12, 13, 13, 13, 14, 14, 14, 15, 15, 15, 15, 15, 16, 16, 16, 16, 16, 16, 16, 16, 17, 17, 17, 17, 17, 18, 18, 18, 18, 18, 19, 19, 19, 19, 19, 19, 20, 20, 20, 20, 20, 21, 21, 21, 22, 22, 22, 22, 23, 23, 23, 23, 23, 24, 24, 24, 25, 25, 25, 25, 25, 26, 26, 26, 26, 26, 26, 26, 27, 27, 27, 27, 27, 28, 28, 28, 28, 28, 29, 29, 29, 29, 29, 29, 30, 30, 30, 30, 30, 31, 31, 31, 31, 31, 31, 31, 31, 32, 32, 32, 32, 33, 33, 33, 33, 33, 33, 34, 34, 34, 34, 34, 35, 35, 35, 35, 36, 36, 36, 36, 36, 36, 37, 37, 37, 37, 38, 38, 38, 38, 38, 39, 39, 39, 40, 40, 40, 40, 40, 40, 40, 40, 41, 41, 41, 41, 42, 42, 42, 42, 42, 42, 43, 43, 43, 43, 43, 43, 44, 44, 44, 44, 44, 44, 44, 44, 45, 45, 45, 45, 45, 45, 46, 46, 46, 46, 46, 47, 47, 47, 47, 48, 48, 48, 49, 49, 49, 49, 49, 49, 50, 50, 50, 51, 51, 51, 51, 51, 52, 52, 52, 52, 52, 52, 53, 53, 54, 54, 54, 54, 54, 55, 55, 56, 56, 56, 56, 57, 57, 57, 58, 58, 58, 58, 58, 58, 58, 58, 58, 58, 59, 59, 59, 59, 60, 60, 61, 61, 61, 61, 61, 61, 62, 62, 62, 62, 62, 63, 63, 63, 64, 64, 64, 64, 65, 66, 66, 66, 66, 67, 67, 67, 67, 67, 67, 68, 68, 69, 69, 70, 70, 70, 70, 71, 71, 71, 71, 72, 72, 72, 72, 72, 72, 72, 72, 73, 73, 73, 73, 73, 74, 74, 74, 75, 75, 75, 75, 75, 75, 76, 76, 76, 77, 77, 77, 77, 77, 77, 77, 77, 78, 78, 78, 78, 78, 78, 79, 79, 79, 79, 79, 80, 80, 80, 80, 80, 80, 81, 82, 82, 82, 82, 82, 83, 83, 83, 83, 83, 84, 84, 84, 85, 85, 85, 85, 86, 86, 86, 86, 87, 87, 87, 87, 87, 87, 87, 87, 87, 87, 88, 88, 88, 88, 88, 88, 89, 89, 89, 89, 89, 90, 90, 91, 91, 91, 91, 91, 91, 92, 92, 92, 92, 93, 93, 93, 93, 94, 94, 95, 95, 96, 96, 96, 96, 96, 97, 97, 97, 97, 97, 98, 98, 98, 98, 98, 98, 99, 99, 99] {'item': 302}
BAZ [0, 0, 0, 0, 0, 0, 1, 1, 1, 2, 2, 3, 3, 3, 3, 3, 4, 4, 4, 4, 4, 4, 4, 5, 5, 5, 5, 5, 5, 6, 6, 6, 6, 6, 7, 7, 7, 7, 7, 8, 8, 10, 10, 10, 10, 10, 11, 11, 11, 11, 11, 11, 11, 11, 12, 12, 12, 12, 12, 12, 12, 13, 13, 13, 14, 14, 14, 15, 15, 15, 15, 15, 16, 16, 16, 16, 16, 16, 16, 16, 17, 17, 17, 17, 17, 18, 18, 18, 18, 18, 18, 18, 19, 19, 19, 19, 19, 19, 20, 20, 20, 20, 20, 20, 20, 21, 21, 21, 22, 22, 22, 22, 23, 23, 23, 23, 23, 24, 24, 24, 24, 25, 25, 25, 25, 25, 26, 26, 26, 26, 26, 26, 26, 27, 27, 27, 27, 27, 28, 28, 28, 28, 28, 29, 29, 29, 29, 29, 29, 30, 30, 30, 30, 30, 31, 31, 31, 31, 31, 31, 31, 31, 32, 32, 32, 32, 33, 33, 33, 33, 33, 33, 34, 34, 34, 34, 34, 35, 35, 35, 35, 36, 36, 36, 36, 36, 36, 37, 37, 37, 37, 38, 38, 38, 38, 38, 38, 39, 39, 39, 40, 40, 40, 40, 40, 40, 40, 40, 41, 41, 41, 41, 42, 42, 42, 42, 42, 42, 43, 43, 43, 43, 43, 43, 44, 44, 44, 44, 44, 44, 44, 44, 45, 45, 45, 45, 45, 45, 46, 46, 46, 46, 46, 47, 47, 47, 47, 48, 48, 48, 49, 49, 49, 49, 49, 49, 49, 49, 50, 50, 50, 50, 51, 51, 51, 51, 51, 52, 52, 52, 52, 52, 52, 52, 52, 53, 53, 54, 54, 54, 54, 54, 55, 55, 56, 56, 56, 56, 57, 57, 57, 58, 58, 58, 58, 58, 58, 58, 58, 58, 58, 59, 59, 59, 59, 59, 60, 60, 61, 61, 61, 61, 61, 61, 62, 62, 62, 62, 62, 63, 63, 63, 64, 64, 64, 64, 64, 65, 65, 65, 66, 66, 66, 66, 66, 66, 67, 67, 67, 67, 67, 67, 68, 68, 68, 69, 69, 70, 70, 70, 70, 71, 71, 71, 71, 72, 72, 72, 72, 72, 72, 72, 72, 73, 73, 73, 73, 73, 74, 74, 74, 75, 75, 75, 75, 75, 75, 76, 76, 76, 76, 77, 77, 77, 77, 77, 77, 77, 77, 78, 78, 78, 78, 78, 78, 79, 79, 79, 79, 79, 80, 80, 80, 80, 80, 80, 81, 82, 82, 82, 82, 82, 83, 83, 83, 83, 83, 83, 84, 84, 84, 85, 85, 85, 85, 86, 86, 86, 86, 87, 87, 87, 87, 87, 87, 87, 87, 87, 87, 88, 88, 88, 88, 88, 88, 89, 89, 89, 89, 89, 89, 90, 90, 91, 91, 91, 91, 91, 91, 91, 92, 92, 92, 92, 93, 93, 93, 93, 94, 94, 94, 95, 95, 96, 96, 96, 96, 96, 97, 97, 97, 97, 97, 98, 98, 98, 98, 98, 98, 98, 98, 99, 99, 99] {'item': 302}
BAZ [0, 0, 0, 0, 0, 0, 1, 1, 1, 2, 2, 3, 3, 3, 3, 3, 4, 4, 4, 4, 4, 4, 4, 5, 5, 5, 5, 5, 5, 6, 6, 6, 6, 6, 7, 7, 7, 7, 7, 8, 8, 10, 10, 10, 10, 10, 11, 11, 11, 11, 11, 11, 11, 11, 12, 12, 12, 12, 12, 12, 12, 13, 13, 13, 14, 14, 14, 15, 15, 15, 15, 15, 15, 16, 16, 16, 16, 16, 16, 16, 16, 16, 16, 17, 17, 17, 17, 17, 18, 18, 18, 18, 18, 18, 18, 19, 19, 19, 19, 19, 19, 20, 20, 20, 20, 20, 20, 20, 21, 21, 21, 22, 22, 22, 22, 23, 23, 23, 23, 23, 24, 24, 24, 24, 24, 25, 25, 25, 25, 25, 25, 26, 26, 26, 26, 26, 26, 26, 26, 27, 27, 27, 27, 27, 27, 27, 28, 28, 28, 28, 28, 29, 29, 29, 29, 29, 29, 30, 30, 30, 30, 30, 31, 31, 31, 31, 31, 31, 31, 31, 32, 32, 32, 32, 33, 33, 33, 33, 33, 33, 34, 34, 34, 34, 34, 35, 35, 35, 35, 35, 35, 36, 36, 36, 36, 36, 36, 37, 37, 37, 37, 38, 38, 38, 38, 38, 38, 38, 38, 39, 39, 39, 40, 40, 40, 40, 40, 40, 40, 40, 41, 41, 41, 41, 42, 42, 42, 42, 42, 42, 42, 42, 43, 43, 43, 43, 43, 43, 44, 44, 44, 44, 44, 44, 44, 44, 45, 45, 45, 45, 45, 45, 46, 46, 46, 46, 46, 47, 47, 47, 47, 47, 48, 48, 48, 49, 49, 49, 49, 49, 49, 49, 49, 50, 50, 50, 50, 50, 50, 51, 51, 51, 51, 51, 52, 52, 52, 52, 52, 52, 52, 52, 53, 53, 54, 54, 54, 54, 54, 55, 55, 56, 56, 56, 56, 57, 57, 57, 57, 57, 58, 58, 58, 58, 58, 58, 58, 58, 58, 58, 59, 59, 59, 59, 59, 60, 60, 60, 61, 61, 61, 61, 61, 61, 62, 62, 62, 62, 62, 63, 63, 63, 63, 63, 64, 64, 64, 64, 64, 65, 65, 65, 66, 66, 66, 66, 66, 66, 67, 67, 67, 67, 67, 67, 67, 68, 68, 68, 69, 69, 70, 70, 70, 70, 71, 71, 71, 71, 72, 72, 72, 72, 72, 72, 72, 72, 73, 73, 73, 73, 73, 74, 74, 74, 75, 75, 75, 75, 75, 75, 76, 76, 76, 76, 77, 77, 77, 77, 77, 77, 77, 77, 78, 78, 78, 78, 78, 78, 79, 79, 79, 79, 79, 80, 80, 80, 80, 80, 80, 81, 81, 82, 82, 82, 82, 82, 82, 83, 83, 83, 83, 83, 83, 84, 84, 84, 85, 85, 85, 85, 86, 86, 86, 86, 86, 87, 87, 87, 87, 87, 87, 87, 87, 87, 87, 88, 88, 88, 88, 88, 88, 89, 89, 89, 89, 89, 89, 90, 90, 91, 91, 91, 91, 91, 91, 91, 92, 92, 92, 92, 92, 93, 93, 93, 93, 94, 94, 94, 95, 95, 96, 96, 96, 96, 96, 97, 97, 97, 97, 97, 98, 98, 98, 98, 98, 98, 98, 98, 99, 99, 99, 99] {'item': 302}
BAZ [0, 0, 0, 0, 0, 0, 1, 1, 1, 1, 1, 2, 2, 3, 3, 3, 3, 3, 4, 4, 4, 4, 4, 4, 4, 4, 5, 5, 5, 5, 5, 5, 6, 6, 6, 6, 6, 7, 7, 7, 7, 7, 8, 8, 8, 8, 10, 10, 10, 10, 10, 10, 10, 11, 11, 11, 11, 11, 11, 11, 11, 12, 12, 12, 12, 12, 12, 12, 12, 13, 13, 13, 14, 14, 14, 14, 15, 15, 15, 15, 15, 15, 16, 16, 16, 16, 16, 16, 16, 16, 16, 16, 17, 17, 17, 17, 17, 17, 18, 18, 18, 18, 18, 18, 18, 19, 19, 19, 19, 19, 19, 19, 19, 20, 20, 20, 20, 20, 20, 20, 21, 21, 21, 22, 22, 22, 22, 23, 23, 23, 23, 23, 24, 24, 24, 24, 24, 25, 25, 25, 25, 25, 25, 26, 26, 26, 26, 26, 26, 26, 26, 27, 27, 27, 27, 27, 27, 27, 28, 28, 28, 28, 28, 29, 29, 29, 29, 29, 29, 29, 30, 30, 30, 30, 30, 31, 31, 31, 31, 31, 31, 31, 31, 32, 32, 32, 32, 33, 33, 33, 33, 33, 33, 34, 34, 34, 34, 34, 35, 35, 35, 35, 35, 35, 36, 36, 36, 36, 36, 36, 36, 36, 37, 37, 37, 37, 37, 38, 38, 38, 38, 38, 38, 38, 38, 38, 38, 39, 39, 39, 40, 40, 40, 40, 40, 40, 40, 40, 41, 41, 41, 41, 42, 42, 42, 42, 42, 42, 42, 42, 43, 43, 43, 43, 43, 43, 43, 43, 44, 44, 44, 44, 44, 44, 44, 44, 45, 45, 45, 45, 45, 45, 46, 46, 46, 46, 46, 47, 47, 47, 47, 47, 48, 48, 48, 49, 49, 49, 49, 49, 49, 49, 49, 50, 50, 50, 50, 50, 50, 51, 51, 51, 51, 51, 52, 52, 52, 52, 52, 52, 52, 52, 53, 53, 53, 54, 54, 54, 54, 54, 55, 55, 56, 56, 56, 56, 57, 57, 57, 57, 57, 58, 58, 58, 58, 58, 58, 58, 58, 58, 58, 59, 59, 59, 59, 59, 59, 60, 60, 60, 61, 61, 61, 61, 61, 61, 61, 61, 62, 62, 62, 62, 62, 62, 63, 63, 63, 63, 63, 64, 64, 64, 64, 64, 65, 65, 65, 66, 66, 66, 66, 66, 66, 67, 67, 67, 67, 67, 67, 67, 68, 68, 68, 69, 69, 69, 69, 70, 70, 70, 70, 70, 70, 71, 71, 71, 71, 72, 72, 72, 72, 72, 72, 72, 72, 73, 73, 73, 73, 73, 74, 74, 74, 75, 75, 75, 75, 75, 75, 76, 76, 76, 76, 77, 77, 77, 77, 77, 77, 77, 77, 78, 78, 78, 78, 78, 78, 79, 79, 79, 79, 79, 80, 80, 80, 80, 80, 80, 81, 81, 82, 82, 82, 82, 82, 82, 83, 83, 83, 83, 83, 83, 84, 84, 84, 85, 85, 85, 85, 86, 86, 86, 86, 86, 87, 87, 87, 87, 87, 87, 87, 87, 87, 87, 88, 88, 88, 88, 88, 88, 89, 89, 89, 89, 89, 89, 90, 90, 91, 91, 91, 91, 91, 91, 91, 92, 92, 92, 92, 92, 93, 93, 93, 93, 93, 94, 94, 94, 95, 95, 96, 96, 96, 96, 96, 97, 97, 97, 97, 97, 98, 98, 98, 98, 98, 98, 98, 98, 99, 99, 99, 99, 99, 99] {'item': 210}
BAZ [0, 0, 0, 0, 0, 0, 1, 1, 1, 1, 1, 2, 2, 2, 3, 3, 3, 3, 3, 3, 3, 4, 4, 4, 4, 4, 4, 4, 4, 5, 5, 5, 5, 5, 5, 6, 6, 6, 6, 6, 6, 7, 7, 7, 7, 7, 8, 8, 8, 8, 9, 10, 10, 10, 10, 10, 10, 10, 10, 11, 11, 11, 11, 11, 11, 11, 11, 11, 11, 12, 12, 12, 12, 12, 12, 12, 12, 13, 13, 13, 13, 13, 14, 14, 14, 14, 15, 15, 15, 15, 15, 15, 16, 16, 16, 16, 16, 16, 16, 16, 16, 16, 17, 17, 17, 17, 17, 17, 18, 18, 18, 18, 18, 18, 18, 19, 19, 19, 19, 19, 19, 19, 19, 20, 20, 20, 20, 20, 20, 20, 20, 21, 21, 21, 22, 22, 22, 22, 23, 23, 23, 23, 23, 24, 24, 24, 24, 24, 24, 25, 25, 25, 25, 25, 25, 26, 26, 26, 26, 26, 26, 26, 26, 27, 27, 27, 27, 27, 27, 27, 28, 28, 28, 28, 28, 29, 29, 29, 29, 29, 29, 29, 30, 30, 30, 30, 30, 31, 31, 31, 31, 31, 31, 31, 31, 32, 32, 32, 32, 32, 32, 33, 33, 33, 33, 33, 33, 34, 34, 34, 34, 34, 34, 34, 35, 35, 35, 35, 35, 35, 36, 36, 36, 36, 36, 36, 36, 36, 37, 37, 37, 37, 37, 37, 37, 38, 38, 38, 38, 38, 38, 38, 38, 38, 38, 39, 39, 39, 40, 40, 40, 40, 40, 40, 40, 40, 41, 41, 41, 41, 42, 42, 42, 42, 42, 42, 42, 42, 43, 43, 43, 43, 43, 43, 43, 43, 44, 44, 44, 44, 44, 44, 44, 44, 45, 45, 45, 45, 45, 45, 46, 46, 46, 46, 46, 47, 47, 47, 47, 47, 48, 48, 48, 49, 49, 49, 49, 49, 49, 49, 49, 50, 50, 50, 50, 50, 50, 51, 51, 51, 51, 51, 51, 52, 52, 52, 52, 52, 52, 52, 52, 53, 53, 53, 54, 54, 54, 54, 54, 55, 55, 55, 56, 56, 56, 56, 56, 57, 57, 57, 57, 57, 58, 58, 58, 58, 58, 58, 58, 58, 58, 58, 59, 59, 59, 59, 59, 59, 60, 60, 60, 61, 61, 61, 61, 61, 61, 61, 61, 62, 62, 62, 62, 62, 62, 63, 63, 63, 63, 63, 63, 64, 64, 64, 64, 64, 64, 64, 65, 65, 65, 66, 66, 66, 66, 66, 66, 67, 67, 67, 67, 67, 67, 67, 68, 68, 68, 69, 69, 69, 69, 70, 70, 70, 70, 70, 70, 71, 71, 71, 71, 71, 72, 72, 72, 72, 72, 72, 72, 72, 73, 73, 73, 73, 73, 74, 74, 74, 75, 75, 75, 75, 75, 75, 76, 76, 76, 76, 77, 77, 77, 77, 77, 77, 77, 77, 78, 78, 78, 78, 78, 78, 79, 79, 79, 79, 79, 79, 80, 80, 80, 80, 80, 80, 81, 81, 81, 81, 82, 82, 82, 82, 82, 82, 83, 83, 83, 83, 83, 83, 84, 84, 84, 85, 85, 85, 85, 86, 86, 86, 86, 86, 87, 87, 87, 87, 87, 87, 87, 87, 87, 87, 88, 88, 88, 88, 88, 88, 88, 88, 89, 89, 89, 89, 89, 89, 90, 90, 91, 91, 91, 91, 91, 91, 91, 92, 92, 92, 92, 92, 93, 93, 93, 93, 93, 93, 94, 94, 94, 95, 95, 95, 96, 96, 96, 96, 96, 97, 97, 97, 97, 97, 98, 98, 98, 98, 98, 98, 98, 98, 99, 99, 99, 99, 99, 99] {'item': 196}
BAZ [0, 0, 0, 0, 0, 0, 1, 1, 1, 1, 1, 1, 1, 2, 2, 2, 3, 3, 3, 3, 3, 3, 3, 4, 4, 4, 4, 4, 4, 4, 4, 5, 5, 5, 5, 5, 5, 5, 5, 6, 6, 6, 6, 6, 6, 6, 6, 7, 7, 7, 7, 7, 8, 8, 8, 8, 8, 9, 9, 10, 10, 10, 10, 10, 10, 10, 10, 11, 11, 11, 11, 11, 11, 11, 11, 11, 11, 12, 12, 12, 12, 12, 12, 12, 12, 13, 13, 13, 13, 13, 14, 14, 14, 14, 15, 15, 15, 15, 15, 15, 16, 16, 16, 16, 16, 16, 16, 16, 16, 16, 17, 17, 17, 17, 17, 17, 18, 18, 18, 18, 18, 18, 18, 19, 19, 19, 19, 19, 19, 19, 19, 20, 20, 20, 20, 20, 20, 20, 20, 21, 21, 21, 22, 22, 22, 22, 23, 23, 23, 23, 23, 24, 24, 24, 24, 24, 24, 24, 24, 25, 25, 25, 25, 25, 25, 26, 26, 26, 26, 26, 26, 26, 26, 27, 27, 27, 27, 27, 27, 27, 27, 28, 28, 28, 28, 28, 29, 29, 29, 29, 29, 29, 29, 30, 30, 30, 30, 30, 31, 31, 31, 31, 31, 31, 31, 31, 32, 32, 32, 32, 32, 32, 33, 33, 33, 33, 33, 33, 34, 34, 34, 34, 34, 34, 34, 34, 35, 35, 35, 35, 35, 35, 36, 36, 36, 36, 36, 36, 36, 36, 37, 37, 37, 37, 37, 37, 37, 38, 38, 38, 38, 38, 38, 38, 38, 38, 38, 39, 39, 39, 40, 40, 40, 40, 40, 40, 40, 40, 41, 41, 41, 41, 42, 42, 42, 42, 42, 42, 42, 42, 43, 43, 43, 43, 43, 43, 43, 43, 44, 44, 44, 44, 44, 44, 44, 44, 45, 45, 45, 45, 45, 45, 45, 45, 46, 46, 46, 46, 46, 47, 47, 47, 47, 47, 47, 48, 48, 48, 48, 49, 49, 49, 49, 49, 49, 49, 49, 50, 50, 50, 50, 50, 50, 50, 50, 51, 51, 51, 51, 51, 51, 52, 52, 52, 52, 52, 52, 52, 52, 53, 53, 53, 54, 54, 54, 54, 54, 55, 55, 55, 56, 56, 56, 56, 56, 57, 57, 57, 57, 57, 58, 58, 58, 58, 58, 58, 58, 58, 58, 58, 59, 59, 59, 59, 59, 59, 60, 60, 60, 61, 61, 61, 61, 61, 61, 61, 61, 62, 62, 62, 62, 62, 62, 63, 63, 63, 63, 63, 63, 64, 64, 64, 64, 64, 64, 64, 65, 65, 65, 66, 66, 66, 66, 66, 66, 67, 67, 67, 67, 67, 67, 67, 68, 68, 68, 69, 69, 69, 69, 70, 70, 70, 70, 70, 70, 70, 70, 71, 71, 71, 71, 71, 72, 72, 72, 72, 72, 72, 72, 72, 73, 73, 73, 73, 73, 74, 74, 74, 75, 75, 75, 75, 75, 75, 76, 76, 76, 76, 77, 77, 77, 77, 77, 77, 77, 77, 78, 78, 78, 78, 78, 78, 79, 79, 79, 79, 79, 79, 80, 80, 80, 80, 80, 80, 81, 81, 81, 81, 82, 82, 82, 82, 82, 82, 83, 83, 83, 83, 83, 83, 84, 84, 84, 84, 84, 85, 85, 85, 85, 86, 86, 86, 86, 86, 87, 87, 87, 87, 87, 87, 87, 87, 87, 87, 88, 88, 88, 88, 88, 88, 88, 88, 89, 89, 89, 89, 89, 89, 90, 90, 90, 90, 91, 91, 91, 91, 91, 91, 91, 92, 92, 92, 92, 92, 93, 93, 93, 93, 93, 93, 93, 94, 94, 94, 94, 94, 95, 95, 95, 95, 95, 96, 96, 96, 96, 96, 97, 97, 97, 97, 97, 98, 98, 98, 98, 98, 98, 98, 98, 99, 99, 99, 99, 99, 99] {'item': 196}
BAZ [0, 0, 0, 0, 0, 0, 0, 1, 1, 1, 1, 1, 1, 1, 2, 2, 2, 3, 3, 3, 3, 3, 3, 3, 4, 4, 4, 4, 4, 4, 4, 4, 4, 4, 5, 5, 5, 5, 5, 5, 5, 5, 6, 6, 6, 6, 6, 6, 6, 6, 6, 6, 7, 7, 7, 7, 7, 8, 8, 8, 8, 8, 9, 9, 9, 10, 10, 10, 10, 10, 10, 10, 10, 11, 11, 11, 11, 11, 11, 11, 11, 11, 11, 12, 12, 12, 12, 12, 12, 12, 12, 13, 13, 13, 13, 13, 13, 14, 14, 14, 14, 14, 15, 15, 15, 15, 15, 15, 16, 16, 16, 16, 16, 16, 16, 16, 16, 16, 17, 17, 17, 17, 17, 17, 18, 18, 18, 18, 18, 18, 18, 18, 19, 19, 19, 19, 19, 19, 19, 19, 20, 20, 20, 20, 20, 20, 20, 20, 20, 20, 21, 21, 21, 22, 22, 22, 22, 23, 23, 23, 23, 23, 23, 24, 24, 24, 24, 24, 24, 24, 24, 24, 24, 25, 25, 25, 25, 25, 25, 25, 25, 26, 26, 26, 26, 26, 26, 26, 26, 27, 27, 27, 27, 27, 27, 27, 27, 28, 28, 28, 28, 28, 29, 29, 29, 29, 29, 29, 29, 29, 30, 30, 30, 30, 30, 31, 31, 31, 31, 31, 31, 31, 31, 32, 32, 32, 32, 32, 32, 33, 33, 33, 33, 33, 33, 34, 34, 34, 34, 34, 34, 34, 34, 35, 35, 35, 35, 35, 35, 36, 36, 36, 36, 36, 36, 36, 36, 37, 37, 37, 37, 37, 37, 37, 37, 38, 38, 38, 38, 38, 38, 38, 38, 38, 38, 39, 39, 39, 40, 40, 40, 40, 40, 40, 40, 40, 41, 41, 41, 41, 42, 42, 42, 42, 42, 42, 42, 42, 42, 42, 43, 43, 43, 43, 43, 43, 43, 43, 44, 44, 44, 44, 44, 44, 44, 44, 45, 45, 45, 45, 45, 45, 45, 45, 46, 46, 46, 46, 46, 47, 47, 47, 47, 47, 47, 48, 48, 48, 48, 48, 48, 49, 49, 49, 49, 49, 49, 49, 49, 50, 50, 50, 50, 50, 50, 50, 50, 51, 51, 51, 51, 51, 51, 52, 52, 52, 52, 52, 52, 52, 52, 53, 53, 53, 53, 53, 54, 54, 54, 54, 54, 55, 55, 55, 56, 56, 56, 56, 56, 56, 57, 57, 57, 57, 57, 58, 58, 58, 58, 58, 58, 58, 58, 58, 58, 59, 59, 59, 59, 59, 59, 59, 59, 60, 60, 60, 61, 61, 61, 61, 61, 61, 61, 61, 62, 62, 62, 62, 62, 62, 63, 63, 63, 63, 63, 63, 64, 64, 64, 64, 64, 64, 64, 65, 65, 65, 66, 66, 66, 66, 66, 66, 66, 66, 67, 67, 67, 67, 67, 67, 67, 68, 68, 68, 68, 68, 69, 69, 69, 69, 70, 70, 70, 70, 70, 70, 70, 70, 71, 71, 71, 71, 71, 72, 72, 72, 72, 72, 72, 72, 72, 73, 73, 73, 73, 73, 73, 73, 74, 74, 74, 75, 75, 75, 75, 75, 75, 75, 75, 76, 76, 76, 76, 76, 76, 77, 77, 77, 77, 77, 77, 77, 77, 77, 77, 78, 78, 78, 78, 78, 78, 79, 79, 79, 79, 79, 79, 80, 80, 80, 80, 80, 80, 81, 81, 81, 81, 82, 82, 82, 82, 82, 82, 82, 82, 83, 83, 83, 83, 83, 83, 84, 84, 84, 84, 84, 85, 85, 85, 85, 86, 86, 86, 86, 86, 87, 87, 87, 87, 87, 87, 87, 87, 87, 87, 88, 88, 88, 88, 88, 88, 88, 88, 89, 89, 89, 89, 89, 89, 90, 90, 90, 90, 90, 90, 91, 91, 91, 91, 91, 91, 91, 92, 92, 92, 92, 92, 93, 93, 93, 93, 93, 93, 93, 94, 94, 94, 94, 94, 94, 95, 95, 95, 95, 95, 95, 96, 96, 96, 96, 96, 97, 97, 97, 97, 97, 98, 98, 98, 98, 98, 98, 98, 98, 99, 99, 99, 99, 99, 99] {'item': 196}
BAZ [0, 0, 0, 0, 0, 0, 0, 1, 1, 1, 1, 1, 1, 1, 2, 2, 2, 3, 3, 3, 3, 3, 3, 3, 4, 4, 4, 4, 4, 4, 4, 4, 4, 4, 5, 5, 5, 5, 5, 5, 5, 5, 6, 6, 6, 6, 6, 6, 6, 6, 6, 6, 7, 7, 7, 7, 7, 7, 7, 8, 8, 8, 8, 8, 9, 9, 9, 10, 10, 10, 10, 10, 10, 10, 10, 11, 11, 11, 11, 11, 11, 11, 11, 11, 11, 12, 12, 12, 12, 12, 12, 12, 12, 13, 13, 13, 13, 13, 13, 14, 14, 14, 14, 14, 14, 15, 15, 15, 15, 15, 15, 16, 16, 16, 16, 16, 16, 16, 16, 16, 16, 17, 17, 17, 17, 17, 17, 18, 18, 18, 18, 18, 18, 18, 18, 19, 19, 19, 19, 19, 19, 19, 19, 20, 20, 20, 20, 20, 20, 20, 20, 20, 20, 21, 21, 21, 21, 21, 22, 22, 22, 22, 22, 22, 23, 23, 23, 23, 23, 23, 24, 24, 24, 24, 24, 24, 24, 24, 24, 24, 25, 25, 25, 25, 25, 25, 25, 25, 26, 26, 26, 26, 26, 26, 26, 26, 27, 27, 27, 27, 27, 27, 27, 27, 28, 28, 28, 28, 28, 29, 29, 29, 29, 29, 29, 29, 29, 30, 30, 30, 30, 30, 31, 31, 31, 31, 31, 31, 31, 31, 32, 32, 32, 32, 32, 32, 32, 33, 33, 33, 33, 33, 33, 34, 34, 34, 34, 34, 34, 34, 34, 35, 35, 35, 35, 35, 35, 35, 35, 36, 36, 36, 36, 36, 36, 36, 36, 37, 37, 37, 37, 37, 37, 37, 37, 38, 38, 38, 38, 38, 38, 38, 38, 38, 38, 39, 39, 39, 40, 40, 40, 40, 40, 40, 40, 40, 41, 41, 41, 41, 41, 42, 42, 42, 42, 42, 42, 42, 42, 42, 42, 43, 43, 43, 43, 43, 43, 43, 43, 44, 44, 44, 44, 44, 44, 44, 44, 45, 45, 45, 45, 45, 45, 45, 45, 46, 46, 46, 46, 46, 47, 47, 47, 47, 47, 47, 48, 48, 48, 48, 48, 48, 48, 49, 49, 49, 49, 49, 49, 49, 49, 50, 50, 50, 50, 50, 50, 50, 50, 50, 50, 51, 51, 51, 51, 51, 51, 52, 52, 52, 52, 52, 52, 52, 52, 53, 53, 53, 53, 53, 54, 54, 54, 54, 54, 54, 55, 55, 55, 56, 56, 56, 56, 56, 56, 56, 56, 57, 57, 57, 57, 57, 58, 58, 58, 58, 58, 58, 58, 58, 58, 58, 59, 59, 59, 59, 59, 59, 59, 59, 59, 59, 60, 60, 60, 60, 60, 61, 61, 61, 61, 61, 61, 61, 61, 62, 62, 62, 62, 62, 62, 63, 63, 63, 63, 63, 63, 63, 63, 64, 64, 64, 64, 64, 64, 64, 65, 65, 65, 65, 66, 66, 66, 66, 66, 66, 66, 66, 67, 67, 67, 67, 67, 67, 67, 68, 68, 68, 68, 68, 69, 69, 69, 69, 69, 70, 70, 70, 70, 70, 70, 70, 70, 71, 71, 71, 71, 71, 72, 72, 72, 72, 72, 72, 72, 72, 73, 73, 73, 73, 73, 73, 73, 73, 74, 74, 74, 75, 75, 75, 75, 75, 75, 75, 75, 76, 76, 76, 76, 76, 76, 77, 77, 77, 77, 77, 77, 77, 77, 77, 77, 78, 78, 78, 78, 78, 78, 79, 79, 79, 79, 79, 79, 80, 80, 80, 80, 80, 80, 81, 81, 81, 81, 81, 82, 82, 82, 82, 82, 82, 82, 82, 83, 83, 83, 83, 83, 83, 84, 84, 84, 84, 84, 85, 85, 85, 85, 86, 86, 86, 86, 86, 86, 87, 87, 87, 87, 87, 87, 87, 87, 87, 87, 88, 88, 88, 88, 88, 88, 88, 88, 89, 89, 89, 89, 89, 89, 89, 89, 90, 90, 90, 90, 90, 90, 91, 91, 91, 91, 91, 91, 91, 92, 92, 92, 92, 92, 92, 92, 93, 93, 93, 93, 93, 93, 93, 94, 94, 94, 94, 94, 94, 95, 95, 95, 95, 95, 95, 95, 95, 96, 96, 96, 96, 96, 97, 97, 97, 97, 97, 97, 98, 98, 98, 98, 98, 98, 98, 98, 98, 98, 99, 99, 99, 99, 99, 99] {'item': 140}
BAZ [0, 0, 0, 0, 0, 0, 0, 1, 1, 1, 1, 1, 1, 1, 1, 2, 2, 2, 3, 3, 3, 3, 3, 3, 3, 4, 4, 4, 4, 4, 4, 4, 4, 4, 4, 5, 5, 5, 5, 5, 5, 5, 5, 6, 6, 6, 6, 6, 6, 6, 6, 6, 6, 7, 7, 7, 7, 7, 7, 7, 7, 8, 8, 8, 8, 8, 8, 9, 9, 9, 9, 10, 10, 10, 10, 10, 10, 10, 10, 11, 11, 11, 11, 11, 11, 11, 11, 11, 11, 12, 12, 12, 12, 12, 12, 12, 12, 13, 13, 13, 13, 13, 13, 14, 14, 14, 14, 14, 14, 15, 15, 15, 15, 15, 15, 15, 15, 16, 16, 16, 16, 16, 16, 16, 16, 16, 16, 17, 17, 17, 17, 17, 17, 18, 18, 18, 18, 18, 18, 18, 18, 18, 18, 19, 19, 19, 19, 19, 19, 19, 19, 20, 20, 20, 20, 20, 20, 20, 20, 20, 20, 21, 21, 21, 21, 21, 22, 22, 22, 22, 22, 22, 23, 23, 23, 23, 23, 23, 24, 24, 24, 24, 24, 24, 24, 24, 24, 24, 25, 25, 25, 25, 25, 25, 25, 25, 26, 26, 26, 26, 26, 26, 26, 26, 27, 27, 27, 27, 27, 27, 27, 27, 28, 28, 28, 28, 28, 29, 29, 29, 29, 29, 29, 29, 29, 30, 30, 30, 30, 30, 31, 31, 31, 31, 31, 31, 31, 31, 32, 32, 32, 32, 32, 32, 32, 33, 33, 33, 33, 33, 33, 34, 34, 34, 34, 34, 34, 34, 34, 35, 35, 35, 35, 35, 35, 35, 35, 36, 36, 36, 36, 36, 36, 36, 36, 37, 37, 37, 37, 37, 37, 37, 37, 38, 38, 38, 38, 38, 38, 38, 38, 38, 38, 39, 39, 39, 39, 39, 40, 40, 40, 40, 40, 40, 40, 40, 41, 41, 41, 41, 41, 42, 42, 42, 42, 42, 42, 42, 42, 42, 42, 43, 43, 43, 43, 43, 43, 43, 43, 43, 43, 44, 44, 44, 44, 44, 44, 44, 44, 44, 44, 45, 45, 45, 45, 45, 45, 45, 45, 45, 45, 46, 46, 46, 46, 46, 47, 47, 47, 47, 47, 47, 48, 48, 48, 48, 48, 48, 48, 48, 49, 49, 49, 49, 49, 49, 49, 49, 50, 50, 50, 50, 50, 50, 50, 50, 50, 50, 51, 51, 51, 51, 51, 51, 52, 52, 52, 52, 52, 52, 52, 52, 53, 53, 53, 53, 53, 54, 54, 54, 54, 54, 54, 55, 55, 55, 55, 56, 56, 56, 56, 56, 56, 56, 56, 57, 57, 57, 57, 57, 58, 58, 58, 58, 58, 58, 58, 58, 58, 58, 59, 59, 59, 59, 59, 59, 59, 59, 59, 59, 60, 60, 60, 60, 60, 61, 61, 61, 61, 61, 61, 61, 61, 62, 62, 62, 62, 62, 62, 63, 63, 63, 63, 63, 63, 63, 63, 64, 64, 64, 64, 64, 64, 64, 65, 65, 65, 65, 65, 66, 66, 66, 66, 66, 66, 66, 66, 67, 67, 67, 67, 67, 67, 67, 68, 68, 68, 68, 68, 69, 69, 69, 69, 69, 69, 70, 70, 70, 70, 70, 70, 70, 70, 71, 71, 71, 71, 71, 71, 71, 72, 72, 72, 72, 72, 72, 72, 72, 73, 73, 73, 73, 73, 73, 73, 73, 74, 74, 74, 74, 75, 75, 75, 75, 75, 75, 75, 75, 76, 76, 76, 76, 76, 76, 77, 77, 77, 77, 77, 77, 77, 77, 77, 77, 78, 78, 78, 78, 78, 78, 79, 79, 79, 79, 79, 79, 79, 79, 80, 80, 80, 80, 80, 80, 81, 81, 81, 81, 81, 81, 81, 82, 82, 82, 82, 82, 82, 82, 82, 83, 83, 83, 83, 83, 83, 83, 83, 84, 84, 84, 84, 84, 85, 85, 85, 85, 86, 86, 86, 86, 86, 86, 87, 87, 87, 87, 87, 87, 87, 87, 87, 87, 88, 88, 88, 88, 88, 88, 88, 88, 89, 89, 89, 89, 89, 89, 89, 89, 90, 90, 90, 90, 90, 90, 91, 91, 91, 91, 91, 91, 91, 91, 92, 92, 92, 92, 92, 92, 92, 92, 93, 93, 93, 93, 93, 93, 93, 93, 94, 94, 94, 94, 94, 94, 95, 95, 95, 95, 95, 95, 95, 95, 95, 95, 96, 96, 96, 96, 96, 97, 97, 97, 97, 97, 97, 98, 98, 98, 98, 98, 98, 98, 98, 98, 98, 99, 99, 99, 99, 99, 99] {'item': 140}
BAZ [0, 0, 0, 0, 0, 0, 0, 1, 1, 1, 1, 1, 1, 1, 1, 2, 2, 2, 2, 3, 3, 3, 3, 3, 3, 3, 4, 4, 4, 4, 4, 4, 4, 4, 4, 4, 5, 5, 5, 5, 5, 5, 5, 5, 6, 6, 6, 6, 6, 6, 6, 6, 6, 6, 7, 7, 7, 7, 7, 7, 7, 7, 8, 8, 8, 8, 8, 8, 9, 9, 9, 9, 10, 10, 10, 10, 10, 10, 10, 10, 11, 11, 11, 11, 11, 11, 11, 11, 11, 11, 12, 12, 12, 12, 12, 12, 12, 12, 13, 13, 13, 13, 13, 13, 13, 13, 14, 14, 14, 14, 14, 14, 15, 15, 15, 15, 15, 15, 15, 15, 16, 16, 16, 16, 16, 16, 16, 16, 16, 16, 17, 17, 17, 17, 17, 17, 18, 18, 18, 18, 18, 18, 18, 18, 18, 18, 19, 19, 19, 19, 19, 19, 19, 19, 19, 19, 20, 20, 20, 20, 20, 20, 20, 20, 20, 20, 21, 21, 21, 21, 21, 21, 21, 22, 22, 22, 22, 22, 22, 23, 23, 23, 23, 23, 23, 24, 24, 24, 24, 24, 24, 24, 24, 24, 24, 25, 25, 25, 25, 25, 25, 25, 25, 25, 25, 26, 26, 26, 26, 26, 26, 26, 26, 27, 27, 27, 27, 27, 27, 27, 27, 28, 28, 28, 28, 28, 28, 29, 29, 29, 29, 29, 29, 29, 29, 30, 30, 30, 30, 30, 31, 31, 31, 31, 31, 31, 31, 31, 32, 32, 32, 32, 32, 32, 32, 33, 33, 33, 33, 33, 33, 34, 34, 34, 34, 34, 34, 34, 34, 34, 34, 35, 35, 35, 35, 35, 35, 35, 35, 35, 35, 36, 36, 36, 36, 36, 36, 36, 36, 37, 37, 37, 37, 37, 37, 37, 37, 38, 38, 38, 38, 38, 38, 38, 38, 38, 38, 39, 39, 39, 39, 39, 40, 40, 40, 40, 40, 40, 40, 40, 41, 41, 41, 41, 41, 42, 42, 42, 42, 42, 42, 42, 42, 42, 42, 43, 43, 43, 43, 43, 43, 43, 43, 43, 43, 44, 44, 44, 44, 44, 44, 44, 44, 44, 44, 45, 45, 45, 45, 45, 45, 45, 45, 45, 45, 46, 46, 46, 46, 46, 47, 47, 47, 47, 47, 47, 48, 48, 48, 48, 48, 48, 48, 48, 49, 49, 49, 49, 49, 49, 49, 49, 50, 50, 50, 50, 50, 50, 50, 50, 50, 50, 51, 51, 51, 51, 51, 51, 52, 52, 52, 52, 52, 52, 52, 52, 52, 52, 53, 53, 53, 53, 53, 53, 53, 54, 54, 54, 54, 54, 54, 54, 54, 55, 55, 55, 55, 56, 56, 56, 56, 56, 56, 56, 56, 57, 57, 57, 57, 57, 57, 58, 58, 58, 58, 58, 58, 58, 58, 58, 58, 59, 59, 59, 59, 59, 59, 59, 59, 59, 59, 60, 60, 60, 60, 60, 61, 61, 61, 61, 61, 61, 61, 61, 62, 62, 62, 62, 62, 62, 63, 63, 63, 63, 63, 63, 63, 63, 64, 64, 64, 64, 64, 64, 64, 65, 65, 65, 65, 65, 66, 66, 66, 66, 66, 66, 66, 66, 66, 66, 67, 67, 67, 67, 67, 67, 67, 67, 68, 68, 68, 68, 68, 68, 68, 69, 69, 69, 69, 69, 69, 70, 70, 70, 70, 70, 70, 70, 70, 71, 71, 71, 71, 71, 71, 71, 72, 72, 72, 72, 72, 72, 72, 72, 73, 73, 73, 73, 73, 73, 73, 73, 74, 74, 74, 74, 74, 74, 75, 75, 75, 75, 75, 75, 75, 75, 76, 76, 76, 76, 76, 76, 77, 77, 77, 77, 77, 77, 77, 77, 77, 77, 78, 78, 78, 78, 78, 78, 79, 79, 79, 79, 79, 79, 79, 79, 80, 80, 80, 80, 80, 80, 81, 81, 81, 81, 81, 81, 81, 82, 82, 82, 82, 82, 82, 82, 82, 83, 83, 83, 83, 83, 83, 83, 83, 84, 84, 84, 84, 84, 84, 85, 85, 85, 85, 86, 86, 86, 86, 86, 86, 87, 87, 87, 87, 87, 87, 87, 87, 87, 87, 88, 88, 88, 88, 88, 88, 88, 88, 89, 89, 89, 89, 89, 89, 89, 89, 90, 90, 90, 90, 90, 90, 90, 90, 91, 91, 91, 91, 91, 91, 91, 91, 92, 92, 92, 92, 92, 92, 92, 92, 93, 93, 93, 93, 93, 93, 93, 93, 94, 94, 94, 94, 94, 94, 94, 94, 95, 95, 95, 95, 95, 95, 95, 95, 95, 95, 96, 96, 96, 96, 96, 96, 97, 97, 97, 97, 97, 97, 98, 98, 98, 98, 98, 98, 98, 98, 98, 98, 99, 99, 99, 99, 99, 99] {'item': 140}
BAZ [0, 0, 0, 0, 0, 0, 0, 1, 1, 1, 1, 1, 1, 1, 1, 2, 2, 2, 2, 3, 3, 3, 3, 3, 3, 3, 3, 4, 4, 4, 4, 4, 4, 4, 4, 4, 4, 5, 5, 5, 5, 5, 5, 5, 5, 6, 6, 6, 6, 6, 6, 6, 6, 6, 6, 7, 7, 7, 7, 7, 7, 7, 7, 8, 8, 8, 8, 8, 8, 9, 9, 9, 9, 9, 9, 10, 10, 10, 10, 10, 10, 10, 10, 11, 11, 11, 11, 11, 11, 11, 11, 11, 11, 12, 12, 12, 12, 12, 12, 12, 12, 12, 12, 13, 13, 13, 13, 13, 13, 13, 13, 13, 13, 14, 14, 14, 14, 14, 14, 15, 15, 15, 15, 15, 15, 15, 15, 16, 16, 16, 16, 16, 16, 16, 16, 16, 16, 17, 17, 17, 17, 17, 17, 17, 17, 18, 18, 18, 18, 18, 18, 18, 18, 18, 18, 19, 19, 19, 19, 19, 19, 19, 19, 19, 19, 20, 20, 20, 20, 20, 20, 20, 20, 20, 20, 21, 21, 21, 21, 21, 21, 21, 22, 22, 22, 22, 22, 22, 23, 23, 23, 23, 23, 23, 24, 24, 24, 24, 24, 24, 24, 24, 24, 24, 25, 25, 25, 25, 25, 25, 25, 25, 25, 25, 26, 26, 26, 26, 26, 26, 26, 26, 27, 27, 27, 27, 27, 27, 27, 27, 28, 28, 28, 28, 28, 28, 28, 28, 29, 29, 29, 29, 29, 29, 29, 29, 30, 30, 30, 30, 30, 30, 31, 31, 31, 31, 31, 31, 31, 31, 32, 32, 32, 32, 32, 32, 32, 32, 33, 33, 33, 33, 33, 33, 34, 34, 34, 34, 34, 34, 34, 34, 34, 34, 35, 35, 35, 35, 35, 35, 35, 35, 35, 35, 36, 36, 36, 36, 36, 36, 36, 36, 37, 37, 37, 37, 37, 37, 37, 37, 38, 38, 38, 38, 38, 38, 38, 38, 38, 38, 39, 39, 39, 39, 39, 39, 39, 40, 40, 40, 40, 40, 40, 40, 40, 41, 41, 41, 41, 41, 42, 42, 42, 42, 42, 42, 42, 42, 42, 42, 43, 43, 43, 43, 43, 43, 43, 43, 43, 43, 44, 44, 44, 44, 44, 44, 44, 44, 44, 44, 45, 45, 45, 45, 45, 45, 45, 45, 45, 45, 46, 46, 46, 46, 46, 46, 46, 47, 47, 47, 47, 47, 47, 47, 48, 48, 48, 48, 48, 48, 48, 48, 49, 49, 49, 49, 49, 49, 49, 49, 50, 50, 50, 50, 50, 50, 50, 50, 50, 50, 51, 51, 51, 51, 51, 51, 52, 52, 52, 52, 52, 52, 52, 52, 52, 52, 53, 53, 53, 53, 53, 53, 53, 53, 54, 54, 54, 54, 54, 54, 54, 54, 55, 55, 55, 55, 56, 56, 56, 56, 56, 56, 56, 56, 57, 57, 57, 57, 57, 57, 58, 58, 58, 58, 58, 58, 58, 58, 58, 58, 59, 59, 59, 59, 59, 59, 59, 59, 59, 59, 60, 60, 60, 60, 60, 60, 60, 61, 61, 61, 61, 61, 61, 61, 61, 62, 62, 62, 62, 62, 62, 63, 63, 63, 63, 63, 63, 63, 63, 64, 64, 64, 64, 64, 64, 64, 65, 65, 65, 65, 65, 65, 66, 66, 66, 66, 66, 66, 66, 66, 66, 66, 67, 67, 67, 67, 67, 67, 67, 67, 68, 68, 68, 68, 68, 68, 68, 69, 69, 69, 69, 69, 69, 70, 70, 70, 70, 70, 70, 70, 70, 71, 71, 71, 71, 71, 71, 71, 72, 72, 72, 72, 72, 72, 72, 72, 73, 73, 73, 73, 73, 73, 73, 73, 73, 73, 74, 74, 74, 74, 74, 74, 74, 74, 75, 75, 75, 75, 75, 75, 75, 75, 75, 75, 76, 76, 76, 76, 76, 76, 77, 77, 77, 77, 77, 77, 77, 77, 77, 77, 78, 78, 78, 78, 78, 78, 78, 78, 79, 79, 79, 79, 79, 79, 79, 79, 80, 80, 80, 80, 80, 80, 80, 80, 81, 81, 81, 81, 81, 81, 81, 81, 82, 82, 82, 82, 82, 82, 82, 82, 83, 83, 83, 83, 83, 83, 83, 83, 83, 83, 84, 84, 84, 84, 84, 84, 84, 84, 85, 85, 85, 85, 85, 85, 86, 86, 86, 86, 86, 86, 86, 86, 87, 87, 87, 87, 87, 87, 87, 87, 87, 87, 88, 88, 88, 88, 88, 88, 88, 88, 89, 89, 89, 89, 89, 89, 89, 89, 89, 89, 90, 90, 90, 90, 90, 90, 90, 90, 91, 91, 91, 91, 91, 91, 91, 91, 92, 92, 92, 92, 92, 92, 92, 92, 92, 92, 93, 93, 93, 93, 93, 93, 93, 93, 94, 94, 94, 94, 94, 94, 94, 94, 95, 95, 95, 95, 95, 95, 95, 95, 95, 95, 96, 96, 96, 96, 96, 96, 97, 97, 97, 97, 97, 97, 98, 98, 98, 98, 98, 98, 98, 98, 98, 98, 99, 99, 99, 99, 99, 99] {'item': 140}
BAZ [0, 0, 0, 0, 0, 0, 0, 1, 1, 1, 1, 1, 1, 1, 1, 1, 1, 2, 2, 2, 2, 2, 2, 3, 3, 3, 3, 3, 3, 3, 3, 4, 4, 4, 4, 4, 4, 4, 4, 4, 4, 5, 5, 5, 5, 5, 5, 5, 5, 6, 6, 6, 6, 6, 6, 6, 6, 6, 6, 7, 7, 7, 7, 7, 7, 7, 7, 8, 8, 8, 8, 8, 8, 9, 9, 9, 9, 9, 9, 9, 9, 10, 10, 10, 10, 10, 10, 10, 10, 11, 11, 11, 11, 11, 11, 11, 11, 11, 11, 12, 12, 12, 12, 12, 12, 12, 12, 12, 12, 13, 13, 13, 13, 13, 13, 13, 13, 13, 13, 14, 14, 14, 14, 14, 14, 14, 14, 15, 15, 15, 15, 15, 15, 15, 15, 16, 16, 16, 16, 16, 16, 16, 16, 16, 16, 17, 17, 17, 17, 17, 17, 17, 17, 17, 17, 18, 18, 18, 18, 18, 18, 18, 18, 18, 18, 19, 19, 19, 19, 19, 19, 19, 19, 19, 19, 20, 20, 20, 20, 20, 20, 20, 20, 20, 20, 21, 21, 21, 21, 21, 21, 21, 21, 22, 22, 22, 22, 22, 22, 22, 22, 23, 23, 23, 23, 23, 23, 24, 24, 24, 24, 24, 24, 24, 24, 24, 24, 25, 25, 25, 25, 25, 25, 25, 25, 25, 25, 26, 26, 26, 26, 26, 26, 26, 26, 27, 27, 27, 27, 27, 27, 27, 27, 28, 28, 28, 28, 28, 28, 28, 28, 29, 29, 29, 29, 29, 29, 29, 29, 30, 30, 30, 30, 30, 30, 30, 31, 31, 31, 31, 31, 31, 31, 31, 32, 32, 32, 32, 32, 32, 32, 32, 33, 33, 33, 33, 33, 33, 33, 33, 34, 34, 34, 34, 34, 34, 34, 34, 34, 34, 35, 35, 35, 35, 35, 35, 35, 35, 35, 35, 36, 36, 36, 36, 36, 36, 36, 36, 37, 37, 37, 37, 37, 37, 37, 37, 37, 37, 38, 38, 38, 38, 38, 38, 38, 38, 38, 38, 39, 39, 39, 39, 39, 39, 39, 40, 40, 40, 40, 40, 40, 40, 40, 41, 41, 41, 41, 41, 42, 42, 42, 42, 42, 42, 42, 42, 42, 42, 43, 43, 43, 43, 43, 43, 43, 43, 43, 43, 44, 44, 44, 44, 44, 44, 44, 44, 44, 44, 45, 45, 45, 45, 45, 45, 45, 45, 45, 45, 46, 46, 46, 46, 46, 46, 46, 46, 47, 47, 47, 47, 47, 47, 47, 48, 48, 48, 48, 48, 48, 48, 48, 49, 49, 49, 49, 49, 49, 49, 49, 49, 49, 50, 50, 50, 50, 50, 50, 50, 50, 50, 50, 51, 51, 51, 51, 51, 51, 51, 51, 52, 52, 52, 52, 52, 52, 52, 52, 52, 52, 53, 53, 53, 53, 53, 53, 53, 53, 54, 54, 54, 54, 54, 54, 54, 54, 54, 54, 55, 55, 55, 55, 56, 56, 56, 56, 56, 56, 56, 56, 57, 57, 57, 57, 57, 57, 57, 57, 58, 58, 58, 58, 58, 58, 58, 58, 58, 58, 59, 59, 59, 59, 59, 59, 59, 59, 59, 59, 60, 60, 60, 60, 60, 60, 60, 61, 61, 61, 61, 61, 61, 61, 61, 62, 62, 62, 62, 62, 62, 63, 63, 63, 63, 63, 63, 63, 63, 64, 64, 64, 64, 64, 64, 64, 65, 65, 65, 65, 65, 65, 65, 65, 66, 66, 66, 66, 66, 66, 66, 66, 66, 66, 67, 67, 67, 67, 67, 67, 67, 67, 67, 67, 68, 68, 68, 68, 68, 68, 68, 68, 69, 69, 69, 69, 69, 69, 69, 69, 70, 70, 70, 70, 70, 70, 70, 70, 70, 70, 71, 71, 71, 71, 71, 71, 71, 71, 72, 72, 72, 72, 72, 72, 72, 72, 72, 72, 73, 73, 73, 73, 73, 73, 73, 73, 73, 73, 74, 74, 74, 74, 74, 74, 74, 74, 75, 75, 75, 75, 75, 75, 75, 75, 75, 75, 76, 76, 76, 76, 76, 76, 76, 76, 77, 77, 77, 77, 77, 77, 77, 77, 77, 77, 78, 78, 78, 78, 78, 78, 78, 78, 79, 79, 79, 79, 79, 79, 79, 79, 79, 79, 80, 80, 80, 80, 80, 80, 80, 80, 81, 81, 81, 81, 81, 81, 81, 81, 82, 82, 82, 82, 82, 82, 82, 82, 82, 82, 83, 83, 83, 83, 83, 83, 83, 83, 83, 83, 84, 84, 84, 84, 84, 84, 84, 84, 85, 85, 85, 85, 85, 85, 85, 85, 86, 86, 86, 86, 86, 86, 86, 86, 87, 87, 87, 87, 87, 87, 87, 87, 87, 87, 88, 88, 88, 88, 88, 88, 88, 88, 88, 88, 89, 89, 89, 89, 89, 89, 89, 89, 89, 89, 90, 90, 90, 90, 90, 90, 90, 90, 91, 91, 91, 91, 91, 91, 91, 91, 92, 92, 92, 92, 92, 92, 92, 92, 92, 92, 93, 93, 93, 93, 93, 93, 93, 93, 94, 94, 94, 94, 94, 94, 94, 94, 95, 95, 95, 95, 95, 95, 95, 95, 95, 95, 96, 96, 96, 96, 96, 96, 96, 96, 97, 97, 97, 97, 97, 97, 98, 98, 98, 98, 98, 98, 98, 98, 98, 98, 99, 99, 99, 99, 99, 99, 99, 99] {'item': 140}
BAZ [0, 0, 0, 0, 0, 0, 0, 1, 1, 1, 1, 1, 1, 1, 1, 1, 1, 2, 2, 2, 2, 2, 2, 2, 2, 3, 3, 3, 3, 3, 3, 3, 3, 3, 3, 4, 4, 4, 4, 4, 4, 4, 4, 4, 4, 5, 5, 5, 5, 5, 5, 5, 5, 5, 5, 6, 6, 6, 6, 6, 6, 6, 6, 6, 6, 7, 7, 7, 7, 7, 7, 7, 7, 7, 7, 8, 8, 8, 8, 8, 8, 8, 8, 9, 9, 9, 9, 9, 9, 9, 9, 10, 10, 10, 10, 10, 10, 10, 10, 11, 11, 11, 11, 11, 11, 11, 11, 11, 11, 12, 12, 12, 12, 12, 12, 12, 12, 12, 12, 13, 13, 13, 13, 13, 13, 13, 13, 13, 13, 14, 14, 14, 14, 14, 14, 14, 14, 15, 15, 15, 15, 15, 15, 15, 15, 16, 16, 16, 16, 16, 16, 16, 16, 16, 16, 17, 17, 17, 17, 17, 17, 17, 17, 17, 17, 18, 18, 18, 18, 18, 18, 18, 18, 18, 18, 19, 19, 19, 19, 19, 19, 19, 19, 19, 19, 20, 20, 20, 20, 20, 20, 20, 20, 20, 20, 21, 21, 21, 21, 21, 21, 21, 21, 22, 22, 22, 22, 22, 22, 22, 22, 23, 23, 23, 23, 23, 23, 23, 23, 24, 24, 24, 24, 24, 24, 24, 24, 24, 24, 25, 25, 25, 25, 25, 25, 25, 25, 25, 25, 26, 26, 26, 26, 26, 26, 26, 26, 27, 27, 27, 27, 27, 27, 27, 27, 28, 28, 28, 28, 28, 28, 28, 28, 29, 29, 29, 29, 29, 29, 29, 29, 29, 29, 30, 30, 30, 30, 30, 30, 30, 30, 31, 31, 31, 31, 31, 31, 31, 31, 31, 31, 32, 32, 32, 32, 32, 32, 32, 32, 32, 32, 33, 33, 33, 33, 33, 33, 33, 33, 33, 33, 34, 34, 34, 34, 34, 34, 34, 34, 34, 34, 35, 35, 35, 35, 35, 35, 35, 35, 35, 35, 36, 36, 36, 36, 36, 36, 36, 36, 36, 36, 37, 37, 37, 37, 37, 37, 37, 37, 37, 37, 38, 38, 38, 38, 38, 38, 38, 38, 38, 38, 39, 39, 39, 39, 39, 39, 39, 39, 40, 40, 40, 40, 40, 40, 40, 40, 41, 41, 41, 41, 41, 41, 41, 42, 42, 42, 42, 42, 42, 42, 42, 42, 42, 43, 43, 43, 43, 43, 43, 43, 43, 43, 43, 44, 44, 44, 44, 44, 44, 44, 44, 44, 44, 45, 45, 45, 45, 45, 45, 45, 45, 45, 45, 46, 46, 46, 46, 46, 46, 46, 46, 47, 47, 47, 47, 47, 47, 47, 47, 48, 48, 48, 48, 48, 48, 48, 48, 49, 49, 49, 49, 49, 49, 49, 49, 49, 49, 50, 50, 50, 50, 50, 50, 50, 50, 50, 50, 51, 51, 51, 51, 51, 51, 51, 51, 51, 51, 52, 52, 52, 52, 52, 52, 52, 52, 52, 52, 53, 53, 53, 53, 53, 53, 53, 53, 54, 54, 54, 54, 54, 54, 54, 54, 54, 54, 55, 55, 55, 55, 55, 55, 56, 56, 56, 56, 56, 56, 56, 56, 57, 57, 57, 57, 57, 57, 57, 57, 58, 58, 58, 58, 58, 58, 58, 58, 58, 58, 59, 59, 59, 59, 59, 59, 59, 59, 59, 59, 60, 60, 60, 60, 60, 60, 60, 60, 61, 61, 61, 61, 61, 61, 61, 61, 62, 62, 62, 62, 62, 62, 62, 62, 63, 63, 63, 63, 63, 63, 63, 63, 63, 63, 64, 64, 64, 64, 64, 64, 64, 64, 65, 65, 65, 65, 65, 65, 65, 65, 66, 66, 66, 66, 66, 66, 66, 66, 66, 66, 67, 67, 67, 67, 67, 67, 67, 67, 67, 67, 68, 68, 68, 68, 68, 68, 68, 68, 69, 69, 69, 69, 69, 69, 69, 69, 69, 69, 70, 70, 70, 70, 70, 70, 70, 70, 70, 70, 71, 71, 71, 71, 71, 71, 71, 71, 71, 71, 72, 72, 72, 72, 72, 72, 72, 72, 72, 72, 73, 73, 73, 73, 73, 73, 73, 73, 73, 73, 74, 74, 74, 74, 74, 74, 74, 74, 75, 75, 75, 75, 75, 75, 75, 75, 75, 75, 76, 76, 76, 76, 76, 76, 76, 76, 77, 77, 77, 77, 77, 77, 77, 77, 77, 77, 78, 78, 78, 78, 78, 78, 78, 78, 79, 79, 79, 79, 79, 79, 79, 79, 79, 79, 80, 80, 80, 80, 80, 80, 80, 80, 81, 81, 81, 81, 81, 81, 81, 81, 82, 82, 82, 82, 82, 82, 82, 82, 82, 82, 83, 83, 83, 83, 83, 83, 83, 83, 83, 83, 84, 84, 84, 84, 84, 84, 84, 84, 85, 85, 85, 85, 85, 85, 85, 85, 85, 85, 86, 86, 86, 86, 86, 86, 86, 86, 87, 87, 87, 87, 87, 87, 87, 87, 87, 87, 88, 88, 88, 88, 88, 88, 88, 88, 88, 88, 89, 89, 89, 89, 89, 89, 89, 89, 89, 89, 90, 90, 90, 90, 90, 90, 90, 90, 90, 90, 91, 91, 91, 91, 91, 91, 91, 91, 92, 92, 92, 92, 92, 92, 92, 92, 92, 92, 93, 93, 93, 93, 93, 93, 93, 93, 94, 94, 94, 94, 94, 94, 94, 94, 95, 95, 95, 95, 95, 95, 95, 95, 95, 95, 96, 96, 96, 96, 96, 96, 96, 96, 97, 97, 97, 97, 97, 97, 98, 98, 98, 98, 98, 98, 98, 98, 98, 98, 99, 99, 99, 99, 99, 99, 99, 99] {'item': 98}
BAZ [0, 0, 0, 0, 0, 0, 0, 0, 1, 1, 1, 1, 1, 1, 1, 1, 1, 1, 2, 2, 2, 2, 2, 2, 2, 2, 2, 2, 3, 3, 3, 3, 3, 3, 3, 3, 3, 3, 4, 4, 4, 4, 4, 4, 4, 4, 4, 4, 5, 5, 5, 5, 5, 5, 5, 5, 5, 5, 6, 6, 6, 6, 6, 6, 6, 6, 6, 6, 7, 7, 7, 7, 7, 7, 7, 7, 7, 7, 8, 8, 8, 8, 8, 8, 8, 8, 9, 9, 9, 9, 9, 9, 9, 9, 10, 10, 10, 10, 10, 10, 10, 10, 10, 10, 11, 11, 11, 11, 11, 11, 11, 11, 11, 11, 12, 12, 12, 12, 12, 12, 12, 12, 12, 12, 13, 13, 13, 13, 13, 13, 13, 13, 13, 13, 14, 14, 14, 14, 14, 14, 14, 14, 14, 14, 15, 15, 15, 15, 15, 15, 15, 15, 16, 16, 16, 16, 16, 16, 16, 16, 16, 16, 17, 17, 17, 17, 17, 17, 17, 17, 17, 17, 18, 18, 18, 18, 18, 18, 18, 18, 18, 18, 19, 19, 19, 19, 19, 19, 19, 19, 19, 19, 20, 20, 20, 20, 20, 20, 20, 20, 20, 20, 21, 21, 21, 21, 21, 21, 21, 21, 21, 21, 22, 22, 22, 22, 22, 22, 22, 22, 22, 22, 23, 23, 23, 23, 23, 23, 23, 23, 24, 24, 24, 24, 24, 24, 24, 24, 24, 24, 25, 25, 25, 25, 25, 25, 25, 25, 25, 25, 26, 26, 26, 26, 26, 26, 26, 26, 26, 26, 27, 27, 27, 27, 27, 27, 27, 27, 27, 27, 28, 28, 28, 28, 28, 28, 28, 28, 29, 29, 29, 29, 29, 29, 29, 29, 29, 29, 30, 30, 30, 30, 30, 30, 30, 30, 30, 30, 31, 31, 31, 31, 31, 31, 31, 31, 31, 31, 32, 32, 32, 32, 32, 32, 32, 32, 32, 32, 33, 33, 33, 33, 33, 33, 33, 33, 33, 33, 34, 34, 34, 34, 34, 34, 34, 34, 34, 34, 35, 35, 35, 35, 35, 35, 35, 35, 35, 35, 36, 36, 36, 36, 36, 36, 36, 36, 36, 36, 37, 37, 37, 37, 37, 37, 37, 37, 37, 37, 38, 38, 38, 38, 38, 38, 38, 38, 38, 38, 39, 39, 39, 39, 39, 39, 39, 39, 40, 40, 40, 40, 40, 40, 40, 40, 40, 40, 41, 41, 41, 41, 41, 41, 41, 41, 42, 42, 42, 42, 42, 42, 42, 42, 42, 42, 43, 43, 43, 43, 43, 43, 43, 43, 43, 43, 44, 44, 44, 44, 44, 44, 44, 44, 44, 44, 45, 45, 45, 45, 45, 45, 45, 45, 45, 45, 46, 46, 46, 46, 46, 46, 46, 46, 47, 47, 47, 47, 47, 47, 47, 47, 48, 48, 48, 48, 48, 48, 48, 48, 48, 48, 49, 49, 49, 49, 49, 49, 49, 49, 49, 49, 50, 50, 50, 50, 50, 50, 50, 50, 50, 50, 51, 51, 51, 51, 51, 51, 51, 51, 51, 51, 52, 52, 52, 52, 52, 52, 52, 52, 52, 52, 53, 53, 53, 53, 53, 53, 53, 53, 53, 53, 54, 54, 54, 54, 54, 54, 54, 54, 54, 54, 55, 55, 55, 55, 55, 55, 55, 55, 56, 56, 56, 56, 56, 56, 56, 56, 56, 56, 57, 57, 57, 57, 57, 57, 57, 57, 58, 58, 58, 58, 58, 58, 58, 58, 58, 58, 59, 59, 59, 59, 59, 59, 59, 59, 59, 59, 60, 60, 60, 60, 60, 60, 60, 60, 60, 60, 61, 61, 61, 61, 61, 61, 61, 61, 61, 61, 62, 62, 62, 62, 62, 62, 62, 62, 62, 62, 63, 63, 63, 63, 63, 63, 63, 63, 63, 63, 64, 64, 64, 64, 64, 64, 64, 64, 65, 65, 65, 65, 65, 65, 65, 65, 66, 66, 66, 66, 66, 66, 66, 66, 66, 66, 67, 67, 67, 67, 67, 67, 67, 67, 67, 67, 68, 68, 68, 68, 68, 68, 68, 68, 69, 69, 69, 69, 69, 69, 69, 69, 69, 69, 70, 70, 70, 70, 70, 70, 70, 70, 70, 70, 71, 71, 71, 71, 71, 71, 71, 71, 71, 71, 72, 72, 72, 72, 72, 72, 72, 72, 72, 72, 73, 73, 73, 73, 73, 73, 73, 73, 73, 73, 74, 74, 74, 74, 74, 74, 74, 74, 74, 74, 75, 75, 75, 75, 75, 75, 75, 75, 75, 75, 76, 76, 76, 76, 76, 76, 76, 76, 76, 76, 77, 77, 77, 77, 77, 77, 77, 77, 77, 77, 78, 78, 78, 78, 78, 78, 78, 78, 79, 79, 79, 79, 79, 79, 79, 79, 79, 79, 80, 80, 80, 80, 80, 80, 80, 80, 80, 80, 81, 81, 81, 81, 81, 81, 81, 81, 81, 81, 82, 82, 82, 82, 82, 82, 82, 82, 82, 82, 83, 83, 83, 83, 83, 83, 83, 83, 83, 83, 84, 84, 84, 84, 84, 84, 84, 84, 85, 85, 85, 85, 85, 85, 85, 85, 85, 85, 86, 86, 86, 86, 86, 86, 86, 86, 86, 86, 87, 87, 87, 87, 87, 87, 87, 87, 87, 87, 88, 88, 88, 88, 88, 88, 88, 88, 88, 88, 89, 89, 89, 89, 89, 89, 89, 89, 89, 89, 90, 90, 90, 90, 90, 90, 90, 90, 90, 90, 91, 91, 91, 91, 91, 91, 91, 91, 91, 91, 92, 92, 92, 92, 92, 92, 92, 92, 92, 92, 93, 93, 93, 93, 93, 93, 93, 93, 93, 93, 94, 94, 94, 94, 94, 94, 94, 94, 94, 94, 95, 95, 95, 95, 95, 95, 95, 95, 95, 95, 96, 96, 96, 96, 96, 96, 96, 96, 97, 97, 97, 97, 97, 97, 97, 97, 98, 98, 98, 98, 98, 98, 98, 98, 98, 98, 99, 99, 99, 99, 99, 99, 99, 99] {'item': 98}
BAZ [0, 0, 0, 0, 0, 0, 0, 0, 0, 0, 1, 1, 1, 1, 1, 1, 1, 1, 1, 1, 2, 2, 2, 2, 2, 2, 2, 2, 2, 2, 3, 3, 3, 3, 3, 3, 3, 3, 3, 3, 4, 4, 4, 4, 4, 4, 4, 4, 4, 4, 5, 5, 5, 5, 5, 5, 5, 5, 5, 5, 6, 6, 6, 6, 6, 6, 6, 6, 6, 6, 7, 7, 7, 7, 7, 7, 7, 7, 7, 7, 8, 8, 8, 8, 8, 8, 8, 8, 8, 8, 9, 9, 9, 9, 9, 9, 9, 9, 9, 9, 10, 10, 10, 10, 10, 10, 10, 10, 10, 10, 11, 11, 11, 11, 11, 11, 11, 11, 11, 11, 12, 12, 12, 12, 12, 12, 12, 12, 12, 12, 13, 13, 13, 13, 13, 13, 13, 13, 13, 13, 14, 14, 14, 14, 14, 14, 14, 14, 14, 14, 15, 15, 15, 15, 15, 15, 15, 15, 15, 15, 16, 16, 16, 16, 16, 16, 16, 16, 16, 16, 17, 17, 17, 17, 17, 17, 17, 17, 17, 17, 18, 18, 18, 18, 18, 18, 18, 18, 18, 18, 19, 19, 19, 19, 19, 19, 19, 19, 19, 19, 20, 20, 20, 20, 20, 20, 20, 20, 20, 20, 21, 21, 21, 21, 21, 21, 21, 21, 21, 21, 22, 22, 22, 22, 22, 22, 22, 22, 22, 22, 23, 23, 23, 23, 23, 23, 23, 23, 23, 23, 24, 24, 24, 24, 24, 24, 24, 24, 24, 24, 25, 25, 25, 25, 25, 25, 25, 25, 25, 25, 26, 26, 26, 26, 26, 26, 26, 26, 26, 26, 27, 27, 27, 27, 27, 27, 27, 27, 27, 27, 28, 28, 28, 28, 28, 28, 28, 28, 28, 28, 29, 29, 29, 29, 29, 29, 29, 29, 29, 29, 30, 30, 30, 30, 30, 30, 30, 30, 30, 30, 31, 31, 31, 31, 31, 31, 31, 31, 31, 31, 32, 32, 32, 32, 32, 32, 32, 32, 32, 32, 33, 33, 33, 33, 33, 33, 33, 33, 33, 33, 34, 34, 34, 34, 34, 34, 34, 34, 34, 34, 35, 35, 35, 35, 35, 35, 35, 35, 35, 35, 36, 36, 36, 36, 36, 36, 36, 36, 36, 36, 37, 37, 37, 37, 37, 37, 37, 37, 37, 37, 38, 38, 38, 38, 38, 38, 38, 38, 38, 38, 39, 39, 39, 39, 39, 39, 39, 39, 39, 39, 40, 40, 40, 40, 40, 40, 40, 40, 40, 40, 41, 41, 41, 41, 41, 41, 41, 41, 41, 41, 42, 42, 42, 42, 42, 42, 42, 42, 42, 42, 43, 43, 43, 43, 43, 43, 43, 43, 43, 43, 44, 44, 44, 44, 44, 44, 44, 44, 44, 44, 45, 45, 45, 45, 45, 45, 45, 45, 45, 45, 46, 46, 46, 46, 46, 46, 46, 46, 46, 46, 47, 47, 47, 47, 47, 47, 47, 47, 47, 47, 48, 48, 48, 48, 48, 48, 48, 48, 48, 48, 49, 49, 49, 49, 49, 49, 49, 49, 49, 49, 50, 50, 50, 50, 50, 50, 50, 50, 50, 50, 51, 51, 51, 51, 51, 51, 51, 51, 51, 51, 52, 52, 52, 52, 52, 52, 52, 52, 52, 52, 53, 53, 53, 53, 53, 53, 53, 53, 53, 53, 54, 54, 54, 54, 54, 54, 54, 54, 54, 54, 55, 55, 55, 55, 55, 55, 55, 55, 55, 55, 56, 56, 56, 56, 56, 56, 56, 56, 56, 56, 57, 57, 57, 57, 57, 57, 57, 57, 57, 57, 58, 58, 58, 58, 58, 58, 58, 58, 58, 58, 59, 59, 59, 59, 59, 59, 59, 59, 59, 59, 60, 60, 60, 60, 60, 60, 60, 60, 60, 60, 61, 61, 61, 61, 61, 61, 61, 61, 61, 61, 62, 62, 62, 62, 62, 62, 62, 62, 62, 62, 63, 63, 63, 63, 63, 63, 63, 63, 63, 63, 64, 64, 64, 64, 64, 64, 64, 64, 64, 64, 65, 65, 65, 65, 65, 65, 65, 65, 65, 65, 66, 66, 66, 66, 66, 66, 66, 66, 66, 66, 67, 67, 67, 67, 67, 67, 67, 67, 67, 67, 68, 68, 68, 68, 68, 68, 68, 68, 68, 68, 69, 69, 69, 69, 69, 69, 69, 69, 69, 69, 70, 70, 70, 70, 70, 70, 70, 70, 70, 70, 71, 71, 71, 71, 71, 71, 71, 71, 71, 71, 72, 72, 72, 72, 72, 72, 72, 72, 72, 72, 73, 73, 73, 73, 73, 73, 73, 73, 73, 73, 74, 74, 74, 74, 74, 74, 74, 74, 74, 74, 75, 75, 75, 75, 75, 75, 75, 75, 75, 75, 76, 76, 76, 76, 76, 76, 76, 76, 76, 76, 77, 77, 77, 77, 77, 77, 77, 77, 77, 77, 78, 78, 78, 78, 78, 78, 78, 78, 78, 78, 79, 79, 79, 79, 79, 79, 79, 79, 79, 79, 80, 80, 80, 80, 80, 80, 80, 80, 80, 80, 81, 81, 81, 81, 81, 81, 81, 81, 81, 81, 82, 82, 82, 82, 82, 82, 82, 82, 82, 82, 83, 83, 83, 83, 83, 83, 83, 83, 83, 83, 84, 84, 84, 84, 84, 84, 84, 84, 84, 84, 85, 85, 85, 85, 85, 85, 85, 85, 85, 85, 86, 86, 86, 86, 86, 86, 86, 86, 86, 86, 87, 87, 87, 87, 87, 87, 87, 87, 87, 87, 88, 88, 88, 88, 88, 88, 88, 88, 88, 88, 89, 89, 89, 89, 89, 89, 89, 89, 89, 89, 90, 90, 90, 90, 90, 90, 90, 90, 90, 90, 91, 91, 91, 91, 91, 91, 91, 91, 91, 91, 92, 92, 92, 92, 92, 92, 92, 92, 92, 92, 93, 93, 93, 93, 93, 93, 93, 93, 93, 93, 94, 94, 94, 94, 94, 94, 94, 94, 94, 94, 95, 95, 95, 95, 95, 95, 95, 95, 95, 95, 96, 96, 96, 96, 96, 96, 96, 96, 96, 96, 97, 97, 97, 97, 97, 97, 97, 97, 97, 97, 98, 98, 98, 98, 98, 98, 98, 98, 98, 98, 99, 99, 99, 99, 99, 99, 99, 99, 99, 99] {'item': 98}
{'item': 0}
